timestamp,roll_angle,steering_output,final_steer,target_speed,actual_speed_kmh,actual_handlebar_angle,p_term,i_term,d_term,error,stability_factor,vision_error,vision_steer_command,vision_speed_command,vision_p_term,vision_i_term,vision_d_term,vision_active,vision_mask_coverage
0.002000,0.005,0.009923,0.009923,5.000,0.00,-0.000001,-0.009049,0.000000,-0.000875,0.000,0.020,0.000000,0.000000,0.000000,0.000000,0.000000,0.000000,1,0.00
0.004000,0.005,0.009363,0.009363,5.000,1.30,0.000198,-0.009031,0.000000,-0.000332,0.000,0.019,0.000000,0.000000,0.000000,0.000000,0.000000,0.000000,1,0.00
0.006000,0.004,0.005471,0.005471,5.000,2.66,0.000381,-0.008999,0.000000,0.003528,0.000,0.011,0.000000,0.000000,0.000000,0.000000,0.000000,0.000000,1,0.00
0.008000,0.004,0.004532,0.004532,5.000,3.75,0.000483,-0.008951,0.000000,0.004419,0.000,0.009,0.000000,0.000000,0.000000,0.000000,0.000000,0.000000,1,0.00
0.010000,0.004,-0.003028,-0.003028,5.000,4.62,0.000564,-0.008887,0.000000,0.011915,-0.005,0.006,0.000000,0.000000,0.000000,0.000000,0.000000,0.000000,1,0.00
0.012000,0.004,-0.015169,-0.015169,5.000,5.32,0.000493,-0.008802,0.000000,0.023972,-0.005,0.030,0.000000,0.000000,0.000000,0.000000,0.000000,0.000000,1,0.00
0.014000,0.004,-0.023322,-0.023322,5.000,5.87,0.000180,-0.008698,0.000000,0.032020,-0.004,0.047,0.000000,0.000000,0.000000,0.000000,0.000000,0.000000,1,0.00
0.016000,0.004,-0.022158,-0.022158,5.000,6.32,-0.000290,-0.008585,0.000000,0.030743,-0.004,0.044,0.000000,0.000000,0.000000,0.000000,0.000000,0.000000,1,0.00
0.018000,0.004,-0.033877,-0.033877,5.000,6.67,-0.000728,-0.008473,0.000000,0.042350,-0.004,0.068,0.000000,0.000000,0.000000,0.000000,0.000000,0.000000,1,0.00
0.020000,0.004,-0.040198,-0.040198,5.000,6.96,-0.001390,-0.008349,0.000000,0.048547,-0.004,0.080,0.000000,0.000000,0.000000,0.000000,0.000000,0.000000,1,0.00
0.022000,0.004,-0.048389,-0.048389,5.000,7.19,-0.002166,-0.008219,0.000000,0.056608,-0.004,0.097,0.000000,0.000000,0.000000,0.000000,0.000000,0.000000,1,0.00
0.024000,0.004,-0.044742,-0.044742,5.000,7.37,-0.003090,-0.008080,0.000000,0.052823,-0.004,0.089,0.000000,0.000000,0.000000,0.000000,0.000000,0.000000,1,0.00
0.026000,0.004,-0.053151,-0.053151,5.000,7.52,-0.003924,-0.007945,0.000000,0.061096,-0.004,0.106,0.000000,0.000000,0.000000,0.000000,0.000000,0.000000,1,0.00
0.028000,0.004,-0.060394,-0.060394,5.000,7.63,-0.004908,-0.007801,0.000000,0.068195,-0.004,0.121,0.000000,0.000000,0.000000,0.000000,0.000000,0.000000,1,0.00
0.030000,0.004,-0.063833,-0.063833,5.000,7.73,-0.006018,-0.007650,0.000000,0.071483,-0.004,0.128,0.000000,0.000000,0.000000,0.000000,0.000000,0.000000,1,0.00
0.032000,0.004,-0.050500,-0.050500,5.000,7.80,-0.007174,-0.007496,0.000000,0.057996,-0.004,0.101,0.000000,0.000000,0.000000,0.000000,0.000000,0.000000,1,0.00
0.034000,0.004,-0.059363,-0.059363,5.000,7.86,-0.008041,-0.007354,0.000000,0.066717,-0.004,0.119,0.000000,0.000000,0.000000,0.000000,0.000000,0.000000,1,0.00
0.036000,0.004,-0.116236,-0.116236,5.000,7.91,-0.009067,-0.007203,0.000000,0.123439,-0.004,0.232,0.000000,0.000000,0.000000,0.000000,0.000000,0.000000,1,0.00
0.038000,0.004,-0.176174,-0.176174,5.000,7.95,-0.010479,-0.007033,0.000000,0.183208,-0.004,0.352,0.000000,0.000000,0.000000,0.000000,0.000000,0.000000,1,0.00
0.040000,0.003,-0.166676,-0.166676,5.000,7.98,-0.012274,-0.006845,0.000000,0.173521,-0.004,0.333,0.000000,0.000000,0.000000,0.000000,0.000000,0.000000,1,0.00
0.042000,0.003,-0.176976,-0.176976,5.000,8.00,-0.014452,-0.006638,0.000000,0.183614,-0.004,0.354,0.000000,0.000000,0.000000,0.000000,0.000000,0.000000,1,0.00
0.044000,0.003,-0.285480,-0.285480,5.000,7.54,-0.016987,-0.006326,0.000000,0.291806,-0.004,0.571,0.000000,0.000000,0.000000,0.000000,0.000000,0.000000,1,0.00
0.046000,0.003,-0.300000,-0.300000,5.000,6.19,-0.019900,-0.005994,0.000000,0.363256,-0.004,0.600,0.000000,0.000000,0.000000,0.000000,0.000000,0.000000,1,0.00
0.048000,0.003,-0.284530,-0.284530,5.000,5.05,-0.023171,-0.005647,0.000000,0.290176,-0.003,0.569,0.000000,0.000000,0.000000,0.000000,0.000000,0.000000,1,0.00
0.050000,0.003,-0.300000,-0.300000,5.000,4.09,-0.026804,-0.005281,0.000000,0.372251,-0.003,0.600,0.000000,0.000000,0.000000,0.000000,0.000000,0.000000,1,0.00
0.052000,0.002,-0.300000,-0.300000,5.000,3.29,-0.030801,-0.004894,0.000000,0.356438,-0.003,0.600,0.000000,0.000000,0.000000,0.000000,0.000000,0.000000,1,0.00
0.054000,0.002,-0.235750,-0.235750,5.000,2.64,-0.035166,-0.004484,0.000000,0.240233,-0.003,0.471,0.000000,0.000000,0.000000,0.000000,0.000000,0.000000,1,0.00
0.056000,0.002,-0.101012,-0.101012,5.000,2.11,-0.039178,-0.004103,0.000000,0.105116,-0.003,0.202,0.000000,0.000000,0.000000,0.000000,0.000000,0.000000,1,0.00
0.058000,0.002,-0.099039,-0.099039,5.000,1.69,-0.042796,-0.003756,0.000000,0.102795,-0.003,0.198,0.000000,0.000000,0.000000,0.000000,0.000000,0.000000,1,0.00
0.060000,0.002,-0.022943,-0.012722,4.950,1.36,-0.046023,-0.003440,0.000000,0.026384,-0.002,0.046,0.035702,-0.005000,0.000000,0.071404,0.000000,-0.174735,1,50.72
0.062000,0.002,-0.126364,-0.064432,4.950,1.17,-0.048858,-0.003155,0.000000,0.129519,-0.002,0.253,0.035702,-0.005000,0.000000,0.071404,0.000000,-0.174735,1,50.72
0.064000,0.001,-0.129950,-0.066225,4.950,1.17,-0.051304,-0.002898,0.000000,0.132848,-0.002,0.260,0.035702,-0.005000,0.000000,0.071404,0.000000,-0.174735,1,50.72
0.066000,0.001,-0.177685,-0.090092,4.950,1.37,-0.053359,-0.002667,0.000000,0.180352,-0.002,0.355,0.035702,-0.005000,0.000000,0.071404,0.000000,-0.174735,1,50.72
0.068000,0.001,-0.243358,-0.122929,4.950,1.75,-0.055026,-0.002461,0.000000,0.245819,-0.002,0.487,0.035702,-0.005000,0.000000,0.071404,0.000000,-0.174735,1,50.72
0.070000,0.001,-0.242932,-0.122716,4.950,2.31,-0.056384,-0.002272,0.000000,0.245205,-0.002,0.486,0.035702,-0.005000,0.000000,0.071404,0.000000,-0.174735,1,50.72
0.072000,0.001,-0.144125,-0.073313,4.950,3.00,-0.057711,-0.002080,0.000000,0.146205,-0.001,0.288,0.035702,-0.005000,0.000000,0.071404,0.000000,-0.174735,1,50.72
0.074000,0.001,-0.183393,-0.092946,4.950,3.84,-0.058647,-0.001911,0.000000,0.185303,-0.001,0.367,0.035702,-0.005000,0.000000,0.071404,0.000000,-0.174735,1,50.72
0.076000,0.001,-0.209511,-0.106006,4.950,4.67,-0.059333,-0.001756,0.000000,0.211267,-0.001,0.419,0.035702,-0.005000,0.000000,0.071404,0.000000,-0.174735,1,50.72
0.078000,0.001,-0.219037,-0.110769,4.950,5.34,-0.060267,-0.001582,0.000000,0.220619,-0.001,0.438,0.035702,-0.005000,0.000000,0.071404,0.000000,-0.174735,1,50.72
0.080000,0.001,-0.213412,-0.107956,4.950,5.88,-0.061277,-0.001401,0.000000,0.214813,-0.001,0.427,0.035702,-0.005000,0.000000,0.071404,0.000000,-0.174735,1,50.72
0.082000,0.001,-0.222626,-0.112563,4.950,6.31,-0.062210,-0.001225,0.000000,0.223850,-0.001,0.445,0.035702,-0.005000,0.000000,0.071404,0.000000,-0.174735,1,50.72
0.084000,0.001,-0.236331,-0.119416,4.950,6.65,-0.063217,-0.001042,0.000000,0.237374,-0.001,0.473,0.035702,-0.005000,0.000000,0.071404,0.000000,-0.174735,1,50.72
0.086000,0.000,-0.228846,-0.115673,4.950,6.92,-0.064341,-0.000850,0.000000,0.229696,-0.001,0.458,0.035702,-0.005000,0.000000,0.071404,0.000000,-0.174735,1,50.72
0.088000,0.000,-0.154025,-0.078263,4.950,7.14,-0.065368,-0.000665,0.000000,0.154690,-0.001,0.308,0.035702,-0.005000,0.000000,0.071404,0.000000,-0.174735,1,50.72
0.090000,0.000,-0.192386,-0.097443,4.950,7.32,-0.066005,-0.000510,0.000000,0.192896,-0.001,0.385,0.035702,-0.005000,0.000000,0.071404,0.000000,-0.174735,1,50.72
0.092000,0.000,-0.221552,-0.112026,4.950,7.46,-0.066634,-0.000356,0.000000,0.221908,-0.001,0.443,0.035702,-0.005000,0.000000,0.071404,0.000000,-0.174735,1,50.72
0.094000,0.000,-0.230289,-0.116394,4.950,7.57,-0.067542,-0.000180,0.000000,0.230468,-0.000,0.461,0.035702,-0.005000,0.000000,0.071404,0.000000,-0.174735,1,50.72
0.096000,-0.000,-0.168508,-0.085504,4.950,7.66,-0.068519,0.000003,0.000000,0.168505,-0.000,0.337,0.035702,-0.005000,0.000000,0.071404,0.000000,-0.174735,1,50.72
0.098000,-0.000,-0.174483,-0.088492,4.950,7.73,-0.068920,0.000120,0.000000,0.174363,-0.000,0.349,0.035702,-0.005000,0.000000,0.071404,0.000000,-0.174735,1,50.72
0.100000,-0.000,-0.000228,-0.001364,4.950,7.79,-0.069312,0.000218,0.000000,0.000010,0.000,0.000,0.035702,-0.005000,0.000000,0.071404,0.000000,-0.174735,1,50.72
0.102000,-0.000,-0.000233,-0.001367,4.950,7.83,-0.069310,0.000220,0.000000,0.000013,0.000,0.000,0.035702,-0.005000,0.000000,0.071404,0.000000,-0.174735,1,50.72
0.104000,-0.000,0.001008,-0.000746,4.950,7.87,-0.069111,0.000167,0.000000,-0.001175,0.000,0.002,0.035702,-0.005000,0.000000,0.071404,0.000000,-0.174735,1,50.72
0.106000,-0.000,0.022278,0.009889,4.950,7.90,-0.068685,0.000059,0.000000,-0.022336,0.000,0.045,0.035702,-0.005000,0.000000,0.071404,0.000000,-0.174735,1,50.72
0.108000,0.000,0.072127,0.034813,4.950,7.92,-0.068012,-0.000108,0.000000,-0.072019,0.000,0.144,0.035702,-0.005000,0.000000,0.071404,0.000000,-0.174735,1,50.72
0.110000,0.000,0.085562,0.041531,4.950,7.94,-0.067072,-0.000334,0.000000,-0.085228,0.000,0.171,0.035702,-0.005000,0.000000,0.071404,0.000000,-0.174735,1,50.72
0.112000,0.000,0.091079,0.044289,4.950,7.96,-0.065853,-0.000622,0.000000,-0.090457,0.000,0.182,0.035702,-0.005000,0.000000,0.071404,0.000000,-0.174735,1,50.72
0.114000,0.000,0.190112,0.093806,4.950,7.97,-0.064348,-0.000972,0.000000,-0.189141,0.000,0.380,0.035702,-0.005000,0.000000,0.071404,0.000000,-0.174735,1,50.72
0.116000,0.001,0.300000,0.148750,4.950,7.98,-0.062532,-0.001378,0.000000,-0.373231,-0.000,0.600,0.035702,-0.005000,0.000000,0.071404,0.000000,-0.174735,1,50.72
0.118000,0.001,0.300000,0.148750,4.950,7.99,-0.060385,-0.001836,0.000000,-0.520821,-0.000,0.600,0.035702,-0.005000,0.000000,0.071404,0.000000,-0.174735,1,50.72
0.120000,0.001,0.300000,0.150000,5.000,7.99,-0.057893,-0.002340,0.000000,-0.529533,-0.000,0.600,-0.026398,0.000000,0.000000,-0.052795,0.000000,0.129197,1,49.87
0.122000,0.001,0.300000,0.150000,5.000,8.01,-0.055052,-0.002887,0.000000,-0.657053,-0.000,0.600,-0.026398,0.000000,0.000000,-0.052795,0.000000,0.129197,1,49.87
0.124000,0.002,0.300000,0.150000,5.000,8.03,-0.051865,-0.003480,0.000000,-0.760407,-0.001,0.600,-0.026398,0.000000,0.000000,-0.052795,0.000000,0.129197,1,49.87
0.126000,0.002,0.300000,0.150000,5.000,8.04,-0.048338,-0.004121,0.000000,-0.615330,-0.001,0.600,-0.026398,0.000000,0.000000,-0.052795,0.000000,0.129197,1,49.87
0.128000,0.002,0.300000,0.150000,5.000,8.06,-0.044482,-0.004815,0.000000,-0.433343,-0.001,0.600,-0.026398,0.000000,0.000000,-0.052795,0.000000,0.129197,1,49.87
0.130000,0.003,0.300000,0.150000,5.000,8.06,-0.040592,-0.005541,0.000000,-0.429229,-0.001,0.600,-0.026398,0.000000,0.000000,-0.052795,0.000000,0.129197,1,49.87
0.132000,0.003,0.300000,0.150000,5.000,8.07,-0.036780,-0.006296,0.000000,-0.305618,-0.002,0.600,-0.026398,0.000000,0.000000,-0.052795,0.000000,0.129197,1,49.87
0.134000,0.004,0.300000,0.150000,5.000,8.08,-0.033045,-0.007084,0.000000,-0.459192,-0.002,0.600,-0.026398,0.000000,0.000000,-0.052795,0.000000,0.129197,1,49.87
0.136000,0.004,0.300000,0.150000,5.000,8.08,-0.029384,-0.007904,0.000000,-0.417368,-0.002,0.600,-0.026398,0.000000,0.000000,-0.052795,0.000000,0.129197,1,49.87
0.138000,0.004,0.300000,0.150000,5.000,8.08,-0.025796,-0.008708,0.000000,-0.666939,-0.003,0.600,-0.026398,0.000000,0.000000,-0.052795,0.000000,0.129197,1,49.87
0.140000,0.005,0.300000,0.150000,5.000,8.09,-0.022280,-0.009495,0.000000,-0.977660,-0.003,0.600,-0.026398,0.000000,0.000000,-0.052795,0.000000,0.129197,1,49.87
0.142000,0.005,0.300000,0.150000,5.000,8.09,-0.018834,-0.010264,0.000000,-1.343144,-0.004,0.600,-0.026398,0.000000,0.000000,-0.052795,0.000000,0.129197,1,49.87
0.144000,0.006,0.300000,0.150000,5.000,8.09,-0.015458,-0.011017,0.000000,-1.017522,-0.004,0.600,-0.026398,0.000000,0.000000,-0.052795,0.000000,0.129197,1,49.87
0.146000,0.006,0.300000,0.150000,5.000,8.09,-0.012148,-0.011752,0.000000,-1.060093,-0.004,0.600,-0.026398,0.000000,0.000000,-0.052795,0.000000,0.129197,1,49.87
0.148000,0.006,0.300000,0.150000,5.000,8.09,-0.008905,-0.012471,0.000000,-1.064095,-0.005,0.600,-0.026398,0.000000,0.000000,-0.052795,0.000000,0.129197,1,49.87
0.150000,0.007,0.300000,0.150000,5.000,8.10,-0.005727,-0.013173,0.000000,-1.010299,-0.005,0.600,-0.026398,0.000000,0.000000,-0.052795,0.000000,0.129197,1,49.87
0.152000,0.007,0.300000,0.150000,5.000,8.10,-0.002612,-0.013858,0.000000,-0.651086,-0.006,0.600,-0.026398,0.000000,0.000000,-0.052795,0.000000,0.129197,1,49.87
0.154000,0.007,0.300000,0.150000,5.000,8.10,0.000440,-0.014526,0.000000,-0.621172,-0.006,0.600,-0.026398,0.000000,0.000000,-0.052795,0.000000,0.129197,1,49.87
0.156000,0.008,0.300000,0.150000,5.000,8.10,0.003431,-0.015178,0.000000,-0.808006,-0.006,0.600,-0.026398,0.000000,0.000000,-0.052795,0.000000,0.129197,1,49.87
0.158000,0.008,0.300000,0.150000,5.000,8.10,0.006363,-0.015814,0.000000,-0.778210,-0.007,0.600,-0.026398,0.000000,0.000000,-0.052795,0.000000,0.129197,1,49.87
0.160000,0.008,0.300000,0.151250,4.950,8.10,0.009236,-0.016434,0.000000,-0.529234,-0.007,0.600,-0.027011,0.005000,0.000000,-0.054022,0.000000,0.132200,1,49.80
0.162000,0.009,0.300000,0.151250,4.950,8.08,0.012076,-0.017042,0.000000,-0.676671,-0.007,0.600,-0.027011,0.005000,0.000000,-0.054022,0.000000,0.132200,1,49.80
0.164000,0.009,0.300000,0.151250,4.950,8.07,0.014860,-0.017634,0.000000,-0.961880,-0.008,0.600,-0.027011,0.005000,0.000000,-0.054022,0.000000,0.132200,1,49.80
0.166000,0.009,0.300000,0.151250,4.950,8.06,0.017587,-0.018211,0.000000,-1.031946,-0.008,0.600,-0.027011,0.005000,0.000000,-0.054022,0.000000,0.132200,1,49.80
0.168000,0.009,0.300000,0.151250,4.950,8.05,0.020261,-0.018771,0.000000,-0.819875,-0.008,0.600,-0.027011,0.005000,0.000000,-0.054022,0.000000,0.132200,1,49.80
0.170000,0.010,0.300000,0.151250,4.950,8.04,0.022881,-0.019316,0.000000,-0.921311,-0.009,0.600,-0.027011,0.005000,0.000000,-0.054022,0.000000,0.132200,1,49.80
0.172000,0.010,0.300000,0.151250,4.950,8.04,0.025448,-0.019845,0.000000,-0.982630,-0.009,0.600,-0.027011,0.005000,0.000000,-0.054022,0.000000,0.132200,1,49.80
0.174000,0.010,0.300000,0.151250,4.950,8.03,0.027964,-0.020358,0.000000,-0.903684,-0.009,0.600,-0.027011,0.005000,0.000000,-0.054022,0.000000,0.132200,1,49.80
0.176000,0.010,0.300000,0.151250,4.950,8.03,0.030430,-0.020855,0.000000,-0.611428,-0.009,0.600,-0.027011,0.005000,0.000000,-0.054022,0.000000,0.132200,1,49.80
0.178000,0.011,0.300000,0.151250,4.950,8.03,0.032847,-0.021338,0.000000,-0.619664,-0.010,0.600,-0.027011,0.005000,0.000000,-0.054022,0.000000,0.132200,1,49.80
0.180000,0.011,0.300000,0.151250,4.950,8.03,0.035215,-0.021804,0.000000,-0.665644,-0.010,0.600,-0.027011,0.005000,0.000000,-0.054022,0.000000,0.132200,1,49.80
0.182000,0.011,0.300000,0.151250,4.950,8.02,0.037536,-0.022256,0.000000,-0.647117,-0.010,0.600,-0.027011,0.005000,0.000000,-0.054022,0.000000,0.132200,1,49.80
0.184000,0.011,0.300000,0.151250,4.950,8.02,0.039810,-0.022692,0.000000,-0.453855,-0.010,0.600,-0.027011,0.005000,0.000000,-0.054022,0.000000,0.132200,1,49.80
0.186000,0.012,0.300000,0.151250,4.950,8.02,0.042039,-0.023113,0.000000,-0.545855,-0.011,0.600,-0.027011,0.005000,0.000000,-0.054022,0.000000,0.132200,1,49.80
0.188000,0.012,0.300000,0.151250,4.950,8.02,0.044223,-0.023519,0.000000,-0.696726,-0.011,0.600,-0.027011,0.005000,0.000000,-0.054022,0.000000,0.132200,1,49.80
0.190000,0.012,0.300000,0.151250,4.950,8.02,0.046364,-0.023910,0.000000,-0.705438,-0.011,0.600,-0.027011,0.005000,0.000000,-0.054022,0.000000,0.132200,1,49.80
0.192000,0.012,0.300000,0.151250,4.950,8.02,0.048462,-0.024286,0.000000,-0.515852,-0.011,0.600,-0.027011,0.005000,0.000000,-0.054022,0.000000,0.132200,1,49.80
0.194000,0.012,0.300000,0.151250,4.950,8.02,0.050517,-0.024648,0.000000,-0.613517,-0.012,0.600,-0.027011,0.005000,0.000000,-0.054022,0.000000,0.132200,1,49.80
0.196000,0.012,0.300000,0.151250,4.950,8.02,0.052532,-0.024994,0.000000,-0.661993,-0.012,0.600,-0.027011,0.005000,0.000000,-0.054022,0.000000,0.132200,1,49.80
0.198000,0.013,0.300000,0.151250,4.950,8.02,0.054507,-0.025326,0.000000,-0.626971,-0.012,0.600,-0.027011,0.005000,0.000000,-0.054022,0.000000,0.132200,1,49.80
0.200000,0.013,0.026710,0.014605,4.950,8.02,0.056442,-0.025643,0.000000,-0.001068,0.000,0.053,-0.027011,0.005000,0.000000,-0.054022,0.000000,0.132200,1,49.80
0.202000,0.013,0.105259,0.053879,4.950,8.02,0.058086,-0.025892,0.000000,-0.079367,0.000,0.211,-0.027011,0.005000,0.000000,-0.054022,0.000000,0.132200,1,49.80
0.204000,0.013,0.105718,0.054109,4.950,8.02,0.059445,-0.026073,0.000000,-0.079645,0.000,0.211,-0.027011,0.005000,0.000000,-0.054022,0.000000,0.132200,1,49.80
0.206000,0.013,0.108465,0.055482,4.950,8.02,0.060520,-0.026184,0.000000,-0.082280,0.000,0.217,-0.027011,0.005000,0.000000,-0.054022,0.000000,0.132200,1,49.80
0.208000,0.013,0.109470,0.055985,4.950,8.02,0.061309,-0.026228,0.000000,-0.083243,-0.013,0.219,-0.027011,0.005000,0.000000,-0.054022,0.000000,0.132200,1,49.80
0.210000,0.013,0.101626,0.052063,4.950,8.02,0.061814,-0.026203,0.000000,-0.075424,-0.013,0.203,-0.027011,0.005000,0.000000,-0.054022,0.000000,0.132200,1,49.80
0.212000,0.013,-0.019697,-0.008598,4.950,8.02,0.062034,-0.026109,0.000000,0.045806,-0.013,0.039,-0.027011,0.005000,0.000000,-0.054022,0.000000,0.132200,1,49.80
0.214000,0.013,-0.090747,-0.044124,4.950,8.02,0.061969,-0.025949,0.000000,0.116696,-0.013,0.181,-0.027011,0.005000,0.000000,-0.054022,0.000000,0.132200,1,49.80
0.216000,0.013,-0.103980,-0.050740,4.950,8.02,0.061620,-0.025720,0.000000,0.129701,-0.013,0.208,-0.027011,0.005000,0.000000,-0.054022,0.000000,0.132200,1,49.80
0.218000,0.013,-0.124319,-0.060909,4.950,8.02,0.060986,-0.025425,0.000000,0.149744,-0.013,0.249,-0.027011,0.005000,0.000000,-0.054022,0.000000,0.132200,1,49.80
0.220000,0.013,-0.277240,-0.136120,4.900,8.02,0.060068,-0.025063,0.000000,0.302303,-0.013,0.554,-0.025405,0.010000,0.000000,-0.050809,0.000000,0.124337,1,49.68
0.222000,0.012,-0.300000,-0.147500,4.900,8.00,0.058865,-0.024634,0.000000,0.432742,-0.013,0.600,-0.025405,0.010000,0.000000,-0.050809,0.000000,0.124337,1,49.68
0.224000,0.012,-0.300000,-0.147500,4.900,7.99,0.057376,-0.024140,0.000000,0.379773,-0.013,0.600,-0.025405,0.010000,0.000000,-0.050809,0.000000,0.124337,1,49.68
0.226000,0.012,-0.300000,-0.147500,4.900,7.98,0.055603,-0.023579,0.000000,0.529127,-0.013,0.600,-0.025405,0.010000,0.000000,-0.050809,0.000000,0.124337,1,49.68
0.228000,0.011,-0.300000,-0.147500,4.900,7.97,0.053545,-0.022953,0.000000,0.738337,-0.013,0.600,-0.025405,0.010000,0.000000,-0.050809,0.000000,0.124337,1,49.68
0.230000,0.011,-0.300000,-0.147500,4.900,7.96,0.051202,-0.022263,0.000000,0.855229,-0.012,0.600,-0.025405,0.010000,0.000000,-0.050809,0.000000,0.124337,1,49.68
0.232000,0.011,-0.300000,-0.147500,4.900,7.96,0.048573,-0.021508,0.000000,0.720613,-0.012,0.600,-0.025405,0.010000,0.000000,-0.050809,0.000000,0.124337,1,49.68
0.234000,0.010,-0.300000,-0.147500,4.900,7.95,0.045658,-0.020689,0.000000,0.953106,-0.012,0.600,-0.025405,0.010000,0.000000,-0.050809,0.000000,0.124337,1,49.68
0.236000,0.010,-0.300000,-0.147500,4.900,7.95,0.042458,-0.019807,0.000000,1.194259,-0.011,0.600,-0.025405,0.010000,0.000000,-0.050809,0.000000,0.124337,1,49.68
0.238000,0.009,-0.300000,-0.147500,4.900,7.95,0.038972,-0.018863,0.000000,1.510030,-0.011,0.600,-0.025405,0.010000,0.000000,-0.050809,0.000000,0.124337,1,49.68
0.240000,0.009,-0.300000,-0.147500,4.900,7.95,0.035243,-0.017865,0.000000,1.278716,-0.011,0.600,-0.025405,0.010000,0.000000,-0.050809,0.000000,0.124337,1,49.68
0.242000,0.008,-0.300000,-0.147500,4.900,7.94,0.031588,-0.016882,0.000000,1.292924,-0.010,0.600,-0.025405,0.010000,0.000000,-0.050809,0.000000,0.124337,1,49.68
0.244000,0.008,-0.300000,-0.147500,4.900,7.94,0.028006,-0.015918,0.000000,1.305350,-0.010,0.600,-0.025405,0.010000,0.000000,-0.050809,0.000000,0.124337,1,49.68
0.246000,0.007,-0.300000,-0.147500,4.900,7.94,0.024496,-0.014972,0.000000,1.359893,-0.009,0.600,-0.025405,0.010000,0.000000,-0.050809,0.000000,0.124337,1,49.68
0.248000,0.007,-0.300000,-0.147500,4.900,7.94,0.021056,-0.014044,0.000000,0.845610,-0.009,0.600,-0.025405,0.010000,0.000000,-0.050809,0.000000,0.124337,1,49.68
0.250000,0.007,-0.300000,-0.147500,4.900,7.94,0.017685,-0.013134,0.000000,1.058432,-0.008,0.600,-0.025405,0.010000,0.000000,-0.050809,0.000000,0.124337,1,49.68
0.252000,0.006,-0.300000,-0.147500,4.900,7.94,0.014381,-0.012241,0.000000,1.493961,-0.008,0.600,-0.025405,0.010000,0.000000,-0.050809,0.000000,0.124337,1,49.68
0.254000,0.006,-0.300000,-0.147500,4.900,7.94,0.011143,-0.011366,0.000000,1.676084,-0.007,0.600,-0.025405,0.010000,0.000000,-0.050809,0.000000,0.124337,1,49.68
0.256000,0.005,-0.300000,-0.147500,4.900,7.94,0.007970,-0.010508,0.000000,1.222546,-0.007,0.600,-0.025405,0.010000,0.000000,-0.050809,0.000000,0.124337,1,49.68
0.258000,0.005,-0.300000,-0.147500,4.900,7.94,0.004861,-0.009667,0.000000,1.440446,-0.007,0.600,-0.025405,0.010000,0.000000,-0.050809,0.000000,0.124337,1,49.68
0.260000,0.004,-0.300000,-0.146250,4.850,7.94,0.001814,-0.008843,0.000000,1.531284,-0.006,0.600,-0.026776,0.015000,0.000000,-0.053553,0.000000,0.131051,1,49.82
0.262000,0.004,-0.300000,-0.146250,4.850,7.92,-0.001148,-0.008042,0.000000,1.420842,-0.006,0.600,-0.026776,0.015000,0.000000,-0.053553,0.000000,0.131051,1,49.82
0.264000,0.004,-0.300000,-0.146250,4.850,7.91,-0.004050,-0.007259,0.000000,1.016647,-0.005,0.600,-0.026776,0.015000,0.000000,-0.053553,0.000000,0.131051,1,49.82
0.266000,0.003,-0.300000,-0.146250,4.850,7.90,-0.006894,-0.006493,0.000000,1.033671,-0.005,0.600,-0.026776,0.015000,0.000000,-0.053553,0.000000,0.131051,1,49.82
0.268000,0.003,-0.300000,-0.146250,4.850,7.89,-0.009681,-0.005744,0.000000,1.148320,-0.004,0.600,-0.026776,0.015000,0.000000,-0.053553,0.000000,0.131051,1,49.82
0.270000,0.003,-0.300000,-0.146250,4.850,7.88,-0.012413,-0.005011,0.000000,1.184535,-0.004,0.600,-0.026776,0.015000,0.000000,-0.053553,0.000000,0.131051,1,49.82
0.272000,0.002,-0.300000,-0.146250,4.850,7.88,-0.015089,-0.004294,0.000000,0.844257,-0.004,0.600,-0.026776,0.015000,0.000000,-0.053553,0.000000,0.131051,1,49.82
0.274000,0.002,-0.300000,-0.146250,4.850,7.87,-0.017713,-0.003593,0.000000,1.002740,-0.003,0.600,-0.026776,0.015000,0.000000,-0.053553,0.000000,0.131051,1,49.82
0.276000,0.001,-0.300000,-0.146250,4.850,7.87,-0.020283,-0.002908,0.000000,1.325036,-0.003,0.600,-0.026776,0.015000,0.000000,-0.053553,0.000000,0.131051,1,49.82
0.278000,0.001,-0.300000,-0.146250,4.850,7.87,-0.022803,-0.002238,0.000000,1.333661,-0.003,0.600,-0.026776,0.015000,0.000000,-0.053553,0.000000,0.131051,1,49.82
0.280000,0.001,-0.300000,-0.146250,4.850,7.86,-0.025272,-0.001585,0.000000,0.980611,-0.002,0.600,-0.026776,0.015000,0.000000,-0.053553,0.000000,0.131051,1,49.82
0.282000,0.000,-0.300000,-0.146250,4.850,7.86,-0.027691,-0.000948,0.000000,1.126575,-0.002,0.600,-0.026776,0.015000,0.000000,-0.053553,0.000000,0.131051,1,49.82
0.284000,0.000,-0.300000,-0.146250,4.850,7.86,-0.030063,-0.000327,0.000000,1.217143,-0.001,0.600,-0.026776,0.015000,0.000000,-0.053553,0.000000,0.131051,1,49.82
0.286000,-0.000,-0.300000,-0.146250,4.850,7.86,-0.032387,0.000279,0.000000,1.167925,-0.001,0.600,-0.026776,0.015000,0.000000,-0.053553,0.000000,0.131051,1,49.82
0.288000,-0.000,-0.300000,-0.146250,4.850,7.86,-0.034664,0.000868,0.000000,0.826502,-0.001,0.600,-0.026776,0.015000,0.000000,-0.053553,0.000000,0.131051,1,49.82
0.290000,-0.001,-0.300000,-0.146250,4.850,7.86,-0.036896,0.001441,0.000000,0.950890,-0.000,0.600,-0.026776,0.015000,0.000000,-0.053553,0.000000,0.131051,1,49.82
0.292000,-0.001,-0.300000,-0.146250,4.850,7.86,-0.039083,0.001998,0.000000,1.029279,-0.000,0.600,-0.026776,0.015000,0.000000,-0.053553,0.000000,0.131051,1,49.82
0.294000,-0.001,-0.300000,-0.146250,4.850,7.86,-0.041226,0.002535,0.000000,0.983181,0.000,0.600,-0.026776,0.015000,0.000000,-0.053553,0.000000,0.131051,1,49.82
0.296000,-0.002,-0.300000,-0.146250,4.850,7.86,-0.043327,0.003057,0.000000,0.717856,0.000,0.600,-0.026776,0.015000,0.000000,-0.053553,0.000000,0.131051,1,49.82
0.298000,-0.002,-0.300000,-0.146250,4.850,7.86,-0.045385,0.003562,0.000000,0.821135,0.001,0.600,-0.026776,0.015000,0.000000,-0.053553,0.000000,0.131051,1,49.82
0.300000,-0.002,-0.004210,0.001645,4.850,7.86,-0.047403,0.004051,0.000000,0.000158,0.000,0.008,-0.026776,0.015000,0.000000,-0.053553,0.000000,0.131051,1,49.82
0.302000,-0.002,-0.219716,-0.106108,4.850,7.86,-0.049123,0.004474,0.000000,0.215242,0.000,0.439,-0.026776,0.015000,0.000000,-0.053553,0.000000,0.131051,1,49.82
0.304000,-0.002,-0.236920,-0.114710,4.850,7.86,-0.050557,0.004825,0.000000,0.232095,0.000,0.474,-0.026776,0.015000,0.000000,-0.053553,0.000000,0.131051,1,49.82
0.306000,-0.003,-0.300000,-0.146250,4.850,7.86,-0.051840,0.005134,0.000000,0.328746,0.000,0.600,-0.026776,0.015000,0.000000,-0.053553,0.000000,0.131051,1,49.82
0.308000,-0.003,-0.300000,-0.146250,4.850,7.86,-0.053408,0.005494,0.000000,0.329383,0.002,0.600,-0.026776,0.015000,0.000000,-0.053553,0.000000,0.131051,1,49.82
0.310000,-0.003,-0.300000,-0.146250,4.850,7.86,-0.055249,0.005909,0.000000,0.361614,0.002,0.600,-0.026776,0.015000,0.000000,-0.053553,0.000000,0.131051,1,49.82
0.312000,-0.003,-0.170192,-0.081346,4.850,7.86,-0.057069,0.006315,0.000000,0.163877,0.002,0.340,-0.026776,0.015000,0.000000,-0.053553,0.000000,0.131051,1,49.82
0.314000,-0.003,-0.255689,-0.124094,4.850,7.86,-0.058595,0.006655,0.000000,0.249034,0.003,0.511,-0.026776,0.015000,0.000000,-0.053553,0.000000,0.131051,1,49.82
0.316000,-0.003,-0.268757,-0.130629,4.850,7.86,-0.059906,0.006938,0.000000,0.261819,0.003,0.538,-0.026776,0.015000,0.000000,-0.053553,0.000000,0.131051,1,49.82
0.318000,-0.004,-0.300000,-0.146250,4.850,7.86,-0.061320,0.007231,0.000000,0.428721,0.003,0.600,-0.026776,0.015000,0.000000,-0.053553,0.000000,0.131051,1,49.82
0.320000,-0.004,-0.300000,-0.145000,4.800,7.86,-0.063013,0.007577,0.000000,0.411591,0.003,0.600,-0.027060,0.020000,0.000000,-0.054121,0.000000,0.132440,1,49.76
0.322000,-0.004,-0.300000,-0.145000,4.800,7.84,-0.064652,0.007906,0.000000,0.490496,0.003,0.600,-0.027060,0.020000,0.000000,-0.054121,0.000000,0.132440,1,49.76
0.324000,-0.004,-0.300000,-0.145000,4.800,7.83,-0.066259,0.008220,0.000000,0.553775,0.003,0.600,-0.027060,0.020000,0.000000,-0.054121,0.000000,0.132440,1,49.76
0.326000,-0.004,-0.300000,-0.145000,4.800,7.82,-0.067834,0.008519,0.000000,0.608619,0.004,0.600,-0.027060,0.020000,0.000000,-0.054121,0.000000,0.132440,1,49.76
0.328000,-0.004,-0.300000,-0.145000,4.800,7.81,-0.069378,0.008802,0.000000,0.453860,0.004,0.600,-0.027060,0.020000,0.000000,-0.054121,0.000000,0.132440,1,49.76
0.330000,-0.005,-0.300000,-0.145000,4.800,7.80,-0.070890,0.009071,0.000000,0.525246,0.004,0.600,-0.027060,0.020000,0.000000,-0.054121,0.000000,0.132440,1,49.76
0.332000,-0.005,-0.300000,-0.145000,4.800,7.80,-0.072372,0.009324,0.000000,0.562198,0.004,0.600,-0.027060,0.020000,0.000000,-0.054121,0.000000,0.132440,1,49.76
0.334000,-0.005,-0.300000,-0.145000,4.800,7.79,-0.073825,0.009562,0.000000,0.515390,0.004,0.600,-0.027060,0.020000,0.000000,-0.054121,0.000000,0.132440,1,49.76
0.336000,-0.005,-0.300000,-0.145000,4.800,7.79,-0.075248,0.009785,0.000000,0.361237,0.004,0.600,-0.027060,0.020000,0.000000,-0.054121,0.000000,0.132440,1,49.76
0.338000,-0.005,-0.300000,-0.145000,4.800,7.79,-0.076644,0.009993,0.000000,0.414068,0.005,0.600,-0.027060,0.020000,0.000000,-0.054121,0.000000,0.132440,1,49.76
0.340000,-0.005,-0.300000,-0.145000,4.800,7.78,-0.078011,0.010186,0.000000,0.429669,0.005,0.600,-0.027060,0.020000,0.000000,-0.054121,0.000000,0.132440,1,49.76
0.342000,-0.005,-0.300000,-0.145000,4.800,7.78,-0.079351,0.010365,0.000000,0.391501,0.005,0.600,-0.027060,0.020000,0.000000,-0.054121,0.000000,0.132440,1,49.76
0.344000,-0.005,-0.290383,-0.140192,4.800,7.78,-0.080664,0.010529,0.000000,0.279855,0.005,0.581,-0.027060,0.020000,0.000000,-0.054121,0.000000,0.132440,1,49.76
0.346000,-0.005,-0.300000,-0.145000,4.800,7.78,-0.081854,0.010657,0.000000,0.311361,0.005,0.600,-0.027060,0.020000,0.000000,-0.054121,0.000000,0.132440,1,49.76
0.348000,-0.005,-0.300000,-0.145000,4.800,7.78,-0.083117,0.010791,0.000000,0.312024,0.005,0.600,-0.027060,0.020000,0.000000,-0.054121,0.000000,0.132440,1,49.76
0.350000,-0.005,-0.288026,-0.139013,4.800,7.78,-0.084355,0.010912,0.000000,0.277114,0.005,0.576,-0.027060,0.020000,0.000000,-0.054121,0.000000,0.132440,1,49.76
0.352000,-0.005,-0.196384,-0.093192,4.800,7.78,-0.085448,0.010993,0.000000,0.185391,0.005,0.393,-0.027060,0.020000,0.000000,-0.054121,0.000000,0.132440,1,49.76
0.354000,-0.006,-0.193089,-0.091544,4.800,7.78,-0.086273,0.011005,0.000000,0.182084,0.005,0.386,-0.027060,0.020000,0.000000,-0.054121,0.000000,0.132440,1,49.76
0.356000,-0.005,-0.129933,-0.059967,4.800,7.78,-0.086830,0.010948,0.000000,0.118985,0.005,0.260,-0.027060,0.020000,0.000000,-0.054121,0.000000,0.132440,1,49.76
0.358000,-0.005,-0.003011,0.003495,4.800,7.78,-0.087119,0.010822,0.000000,-0.007811,0.005,0.006,-0.027060,0.020000,0.000000,-0.054121,0.000000,0.132440,1,49.76
0.360000,-0.005,0.064951,0.038725,4.750,7.78,-0.087140,0.010629,0.000000,-0.075579,0.005,0.130,-0.027390,0.025000,0.000000,-0.054779,0.000000,0.134052,1,49.64
0.362000,-0.005,0.140956,0.076728,4.750,7.76,-0.086892,0.010367,0.000000,-0.151324,0.006,0.282,-0.027390,0.025000,0.000000,-0.054779,0.000000,0.134052,1,49.64
0.364000,-0.005,0.300000,0.156250,4.750,7.75,-0.086373,0.010039,0.000000,-0.319052,0.005,0.600,-0.027390,0.025000,0.000000,-0.054779,0.000000,0.134052,1,49.64
0.366000,-0.005,0.300000,0.156250,4.750,7.74,-0.085599,0.009647,0.000000,-0.507373,0.005,0.600,-0.027390,0.025000,0.000000,-0.054779,0.000000,0.134052,1,49.64
0.368000,-0.005,0.300000,0.156250,4.750,7.73,-0.084570,0.009193,0.000000,-0.471199,0.005,0.600,-0.027390,0.025000,0.000000,-0.054779,0.000000,0.134052,1,49.64
0.370000,-0.004,0.300000,0.156250,4.750,7.72,-0.083284,0.008677,0.000000,-0.615545,0.005,0.600,-0.027390,0.025000,0.000000,-0.054779,0.000000,0.134052,1,49.64
0.372000,-0.004,0.300000,0.156250,4.750,7.72,-0.081743,0.008100,0.000000,-0.840930,0.005,0.600,-0.027390,0.025000,0.000000,-0.054779,0.000000,0.134052,1,49.64
0.374000,-0.004,0.300000,0.156250,4.750,7.71,-0.079946,0.007464,0.000000,-0.963107,0.005,0.600,-0.027390,0.025000,0.000000,-0.054779,0.000000,0.134052,1,49.64
0.376000,-0.003,0.300000,0.156250,4.750,7.71,-0.077890,0.006769,0.000000,-0.789608,0.005,0.600,-0.027390,0.025000,0.000000,-0.054779,0.000000,0.134052,1,49.64
0.378000,-0.003,0.300000,0.156250,4.750,7.70,-0.075572,0.006018,0.000000,-0.961269,0.004,0.600,-0.027390,0.025000,0.000000,-0.054779,0.000000,0.134052,1,49.64
0.380000,-0.003,0.300000,0.156250,4.750,7.70,-0.072990,0.005212,0.000000,-1.208563,0.004,0.600,-0.027390,0.025000,0.000000,-0.054779,0.000000,0.134052,1,49.64
0.382000,-0.002,0.300000,0.156250,4.750,7.70,-0.070141,0.004352,0.000000,-1.372397,0.004,0.600,-0.027390,0.025000,0.000000,-0.054779,0.000000,0.134052,1,49.64
0.384000,-0.002,0.300000,0.156250,4.750,7.70,-0.067025,0.003435,0.000000,-1.133628,0.003,0.600,-0.027390,0.025000,0.000000,-0.054779,0.000000,0.134052,1,49.64
0.386000,-0.001,0.300000,0.156250,4.750,7.70,-0.063640,0.002462,0.000000,-1.402177,0.003,0.600,-0.027390,0.025000,0.000000,-0.054779,0.000000,0.134052,1,49.64
0.388000,-0.001,0.300000,0.156250,4.750,7.70,-0.059985,0.001434,0.000000,-1.680414,0.003,0.600,-0.027390,0.025000,0.000000,-0.054779,0.000000,0.134052,1,49.64
0.390000,-0.000,0.300000,0.156250,4.750,7.70,-0.056056,0.000351,0.000000,-1.833738,0.002,0.600,-0.027390,0.025000,0.000000,-0.054779,0.000000,0.134052,1,49.64
0.392000,0.000,0.300000,0.156250,4.750,7.70,-0.051851,-0.000787,0.000000,-1.432416,0.002,0.600,-0.027390,0.025000,0.000000,-0.054779,0.000000,0.134052,1,49.64
0.394000,0.001,0.300000,0.156250,4.750,7.70,-0.047689,-0.001923,0.000000,-1.742388,0.001,0.600,-0.027390,0.025000,0.000000,-0.054779,0.000000,0.134052,1,49.64
0.396000,0.002,0.300000,0.156250,4.750,7.70,-0.043610,-0.003032,0.000000,-1.954232,0.001,0.600,-0.027390,0.025000,0.000000,-0.054779,0.000000,0.134052,1,49.64
0.398000,0.002,0.300000,0.156250,4.750,7.70,-0.039613,-0.004112,0.000000,-2.049693,0.000,0.600,-0.027390,0.025000,0.000000,-0.054779,0.000000,0.134052,1,49.64
0.400000,0.003,0.005355,0.008927,4.750,7.69,-0.035695,-0.005163,0.000000,-0.000192,0.000,0.011,-0.027390,0.025000,0.000000,-0.054779,0.000000,0.134052,1,49.64
0.402000,0.003,0.280106,0.146303,4.750,7.69,-0.032050,-0.006144,0.000000,-0.273963,0.000,0.560,-0.027390,0.025000,0.000000,-0.054779,0.000000,0.134052,1,49.64
0.404000,0.004,0.300000,0.156250,4.750,7.69,-0.028483,-0.007095,0.000000,-0.750660,0.000,0.600,-0.027390,0.025000,0.000000,-0.054779,0.000000,0.134052,1,49.64
0.406000,0.004,0.300000,0.156250,4.750,7.69,-0.024789,-0.008064,0.000000,-1.207117,0.000,0.600,-0.027390,0.025000,0.000000,-0.054779,0.000000,0.134052,1,49.64
0.408000,0.005,0.300000,0.156250,4.750,7.69,-0.021168,-0.009008,0.000000,-1.253676,-0.003,0.600,-0.027390,0.025000,0.000000,-0.054779,0.000000,0.134052,1,49.64
0.410000,0.005,0.300000,0.156250,4.750,7.69,-0.017619,-0.009925,0.000000,-1.255793,-0.003,0.600,-0.027390,0.025000,0.000000,-0.054779,0.000000,0.134052,1,49.64
0.412000,0.005,0.300000,0.156250,4.750,7.69,-0.014142,-0.010815,0.000000,-1.373836,-0.004,0.600,-0.027390,0.025000,0.000000,-0.054779,0.000000,0.134052,1,49.64
0.414000,0.006,0.300000,0.156250,4.750,7.69,-0.010734,-0.011679,0.000000,-1.302449,-0.004,0.600,-0.027390,0.025000,0.000000,-0.054779,0.000000,0.134052,1,49.64
0.416000,0.006,0.300000,0.156250,4.750,7.69,-0.007394,-0.012517,0.000000,-0.888555,-0.005,0.600,-0.027390,0.025000,0.000000,-0.054779,0.000000,0.134052,1,49.64
0.418000,0.007,0.300000,0.156250,4.750,7.69,-0.004121,-0.013328,0.000000,-1.057236,-0.005,0.600,-0.027390,0.025000,0.000000,-0.054779,0.000000,0.134052,1,49.64
0.420000,0.007,0.300000,0.157500,4.700,7.69,-0.000913,-0.014113,0.000000,-1.480231,-0.005,0.600,-0.026796,0.030000,0.000000,-0.053593,0.000000,0.131149,1,49.84
0.422000,0.007,0.300000,0.157500,4.700,7.68,0.002255,-0.014876,0.000000,-1.469948,-0.006,0.600,-0.026796,0.030000,0.000000,-0.053593,0.000000,0.131149,1,49.84
0.424000,0.008,0.300000,0.157500,4.700,7.67,0.005360,-0.015613,0.000000,-1.102566,-0.006,0.600,-0.026796,0.030000,0.000000,-0.053593,0.000000,0.131149,1,49.84
0.426000,0.008,0.300000,0.157500,4.700,7.65,0.008403,-0.016325,0.000000,-1.289889,-0.007,0.600,-0.026796,0.030000,0.000000,-0.053593,0.000000,0.131149,1,49.84
0.428000,0.009,0.300000,0.157500,4.700,7.65,0.011385,-0.017011,0.000000,-1.433411,-0.007,0.600,-0.026796,0.030000,0.000000,-0.053593,0.000000,0.131149,1,49.84
0.430000,0.009,0.300000,0.157500,4.700,7.64,0.014307,-0.017673,0.000000,-1.336153,-0.007,0.600,-0.026796,0.030000,0.000000,-0.053593,0.000000,0.131149,1,49.84
0.432000,0.009,0.300000,0.157500,4.700,7.63,0.017171,-0.018312,0.000000,-0.987436,-0.008,0.600,-0.026796,0.030000,0.000000,-0.053593,0.000000,0.131149,1,49.84
0.434000,0.009,0.300000,0.157500,4.700,7.63,0.019978,-0.018926,0.000000,-1.131437,-0.008,0.600,-0.026796,0.030000,0.000000,-0.053593,0.000000,0.131149,1,49.84
0.436000,0.010,0.300000,0.157500,4.700,7.63,0.022729,-0.019517,0.000000,-1.203924,-0.009,0.600,-0.026796,0.030000,0.000000,-0.053593,0.000000,0.131149,1,49.84
0.438000,0.010,0.300000,0.157500,4.700,7.62,0.025424,-0.020085,0.000000,-1.131607,-0.009,0.600,-0.026796,0.030000,0.000000,-0.053593,0.000000,0.131149,1,49.84
0.440000,0.010,0.300000,0.157500,4.700,7.62,0.028066,-0.020629,0.000000,-0.831516,-0.009,0.600,-0.026796,0.030000,0.000000,-0.053593,0.000000,0.131149,1,49.84
0.442000,0.011,0.300000,0.157500,4.700,7.62,0.030654,-0.021151,0.000000,-0.965693,-0.009,0.600,-0.026796,0.030000,0.000000,-0.053593,0.000000,0.131149,1,49.84
0.444000,0.011,0.300000,0.157500,4.700,7.62,0.033191,-0.021649,0.000000,-1.038305,-0.010,0.600,-0.026796,0.030000,0.000000,-0.053593,0.000000,0.131149,1,49.84
0.446000,0.011,0.300000,0.157500,4.700,7.62,0.035678,-0.022125,0.000000,-1.006567,-0.010,0.600,-0.026796,0.030000,0.000000,-0.053593,0.000000,0.131149,1,49.84
0.448000,0.011,0.300000,0.157500,4.700,7.62,0.038114,-0.022579,0.000000,-0.742815,-0.010,0.600,-0.026796,0.030000,0.000000,-0.053593,0.000000,0.131149,1,49.84
0.450000,0.012,0.300000,0.157500,4.700,7.62,0.040502,-0.023010,0.000000,-0.728548,-0.011,0.600,-0.026796,0.030000,0.000000,-0.053593,0.000000,0.131149,1,49.84
0.452000,0.012,0.300000,0.157500,4.700,7.62,0.042842,-0.023420,0.000000,-0.590493,-0.011,0.600,-0.026796,0.030000,0.000000,-0.053593,0.000000,0.131149,1,49.84
0.454000,0.012,0.300000,0.157500,4.700,7.62,0.045135,-0.023808,0.000000,-0.518551,-0.011,0.600,-0.026796,0.030000,0.000000,-0.053593,0.000000,0.131149,1,49.84
0.456000,0.012,0.290033,0.152516,4.700,7.62,0.047383,-0.024173,0.000000,-0.265859,-0.011,0.580,-0.026796,0.030000,0.000000,-0.053593,0.000000,0.131149,1,49.84
0.458000,0.012,0.300000,0.157500,4.700,7.62,0.049486,-0.024496,0.000000,-0.342617,-0.012,0.600,-0.026796,0.030000,0.000000,-0.053593,0.000000,0.131149,1,49.84
0.460000,0.012,0.300000,0.157500,4.700,7.61,0.051646,-0.024819,0.000000,-0.480137,-0.012,0.600,-0.026796,0.030000,0.000000,-0.053593,0.000000,0.131149,1,49.84
0.462000,0.013,0.300000,0.157500,4.700,7.61,0.053763,-0.025122,0.000000,-0.451935,-0.012,0.600,-0.026796,0.030000,0.000000,-0.053593,0.000000,0.131149,1,49.84
0.464000,0.013,0.300000,0.157500,4.700,7.61,0.055838,-0.025404,0.000000,-0.283514,-0.012,0.600,-0.026796,0.030000,0.000000,-0.053593,0.000000,0.131149,1,49.84
0.466000,0.013,0.300000,0.157500,4.700,7.61,0.057871,-0.025665,0.000000,-0.337014,-0.012,0.600,-0.026796,0.030000,0.000000,-0.053593,0.000000,0.131149,1,49.84
0.468000,0.013,0.300000,0.157500,4.700,7.61,0.059864,-0.025906,0.000000,-0.340299,-0.012,0.600,-0.026796,0.030000,0.000000,-0.053593,0.000000,0.131149,1,49.84
0.470000,0.013,0.300000,0.157500,4.700,7.61,0.061817,-0.026127,0.000000,-0.289217,-0.013,0.600,-0.026796,0.030000,0.000000,-0.053593,0.000000,0.131149,1,49.84
0.472000,0.013,0.300000,0.157500,4.700,7.61,0.063730,-0.026328,0.000000,-0.299479,-0.013,0.600,-0.026796,0.030000,0.000000,-0.053593,0.000000,0.131149,1,49.84
0.474000,0.013,0.300000,0.157500,4.700,7.61,0.065606,-0.026509,0.000000,-0.338863,-0.013,0.600,-0.026796,0.030000,0.000000,-0.053593,0.000000,0.131149,1,49.84
0.476000,0.013,0.300000,0.157500,4.700,7.61,0.067444,-0.026670,0.000000,-0.346094,-0.013,0.600,-0.026796,0.030000,0.000000,-0.053593,0.000000,0.131149,1,49.84
0.478000,0.013,0.300000,0.157500,4.700,7.61,0.069245,-0.026812,0.000000,-0.310625,-0.013,0.600,-0.026796,0.030000,0.000000,-0.053593,0.000000,0.131149,1,49.84
0.480000,0.013,0.243990,0.130745,4.650,7.61,0.071010,-0.026934,0.000000,-0.217055,-0.013,0.488,-0.026898,0.035000,0.000000,-0.053797,0.000000,0.131648,1,49.81
0.482000,0.013,0.244794,0.131147,4.650,7.60,0.072474,-0.026979,0.000000,-0.217815,-0.013,0.490,-0.026898,0.035000,0.000000,-0.053797,0.000000,0.131648,1,49.81
0.484000,0.013,0.173979,0.095739,4.650,7.58,0.073652,-0.026947,0.000000,-0.147031,-0.013,0.348,-0.026898,0.035000,0.000000,-0.053797,0.000000,0.131648,1,49.81
0.486000,0.013,0.040445,0.028972,4.650,7.57,0.074540,-0.026838,0.000000,-0.013607,-0.013,0.081,-0.026898,0.035000,0.000000,-0.053797,0.000000,0.131648,1,49.81
0.488000,0.013,-0.036752,-0.009626,4.650,7.57,0.075135,-0.026653,0.000000,0.063405,-0.013,0.074,-0.026898,0.035000,0.000000,-0.053797,0.000000,0.131648,1,49.81
0.490000,0.013,-0.115476,-0.048988,4.650,7.56,0.075437,-0.026392,0.000000,0.141868,-0.013,0.231,-0.026898,0.035000,0.000000,-0.053797,0.000000,0.131648,1,49.81
0.492000,0.013,-0.296941,-0.139720,4.650,7.55,0.075444,-0.026055,0.000000,0.322996,-0.013,0.594,-0.026898,0.035000,0.000000,-0.053797,0.000000,0.131648,1,49.81
0.494000,0.013,-0.300000,-0.141250,4.650,7.55,0.075157,-0.025644,0.000000,0.508088,-0.013,0.600,-0.026898,0.035000,0.000000,-0.053797,0.000000,0.131648,1,49.81
0.496000,0.013,-0.300000,-0.141250,4.650,7.55,0.074585,-0.025162,0.000000,0.477479,-0.013,0.600,-0.026898,0.035000,0.000000,-0.053797,0.000000,0.131648,1,49.81
0.498000,0.012,-0.300000,-0.141250,4.650,7.54,0.073728,-0.024610,0.000000,0.656351,-0.013,0.600,-0.026898,0.035000,0.000000,-0.053797,0.000000,0.131648,1,49.81
0.500000,0.012,0.024842,0.021171,4.650,7.54,0.072586,-0.023989,0.000000,-0.000853,0.000,0.050,-0.026898,0.035000,0.000000,-0.053797,0.000000,0.131648,1,49.81
0.502000,0.012,-0.280665,-0.131582,4.650,7.54,0.071558,-0.023389,0.000000,0.304053,0.000,0.561,-0.026898,0.035000,0.000000,-0.053797,0.000000,0.131648,1,49.81
0.504000,0.011,-0.300000,-0.141250,4.650,7.54,0.070236,-0.022722,0.000000,0.338166,0.000,0.600,-0.026898,0.035000,0.000000,-0.053797,0.000000,0.131648,1,49.81
0.506000,0.011,-0.300000,-0.141250,4.650,7.54,0.068630,-0.021989,0.000000,0.554245,0.000,0.600,-0.026898,0.035000,0.000000,-0.053797,0.000000,0.131648,1,49.81
0.508000,0.011,-0.300000,-0.141250,4.650,7.54,0.066738,-0.021189,0.000000,0.985616,-0.012,0.600,-0.026898,0.035000,0.000000,-0.053797,0.000000,0.131648,1,49.81
0.510000,0.010,-0.300000,-0.141250,4.650,7.54,0.064562,-0.020323,0.000000,1.430184,-0.012,0.600,-0.026898,0.035000,0.000000,-0.053797,0.000000,0.131648,1,49.81
0.512000,0.010,-0.300000,-0.141250,4.650,7.53,0.062101,-0.019394,0.000000,1.171610,-0.011,0.600,-0.026898,0.035000,0.000000,-0.053797,0.000000,0.131648,1,49.81
0.514000,0.009,-0.300000,-0.141250,4.650,7.53,0.059355,-0.018402,0.000000,1.140064,-0.011,0.600,-0.026898,0.035000,0.000000,-0.053797,0.000000,0.131648,1,49.81
0.516000,0.009,-0.300000,-0.141250,4.650,7.53,0.056324,-0.017348,0.000000,1.398239,-0.011,0.600,-0.026898,0.035000,0.000000,-0.053797,0.000000,0.131648,1,49.81
0.518000,0.008,-0.300000,-0.141250,4.650,7.53,0.053009,-0.016233,0.000000,1.539836,-0.010,0.600,-0.026898,0.035000,0.000000,-0.053797,0.000000,0.131648,1,49.81
0.520000,0.008,-0.300000,-0.140000,4.600,7.53,0.049410,-0.015059,0.000000,1.155343,-0.010,0.600,-0.026296,0.040000,0.000000,-0.052592,0.000000,0.128701,1,49.88
0.522000,0.007,-0.300000,-0.140000,4.600,7.52,0.045622,-0.013849,0.000000,1.472217,-0.009,0.600,-0.026296,0.040000,0.000000,-0.052592,0.000000,0.128701,1,49.88
0.524000,0.006,-0.300000,-0.140000,4.600,7.50,0.041910,-0.012663,0.000000,1.927431,-0.009,0.600,-0.026296,0.040000,0.000000,-0.052592,0.000000,0.128701,1,49.88
0.526000,0.006,-0.300000,-0.140000,4.600,7.49,0.038272,-0.011499,0.000000,1.987677,-0.008,0.600,-0.026296,0.040000,0.000000,-0.052592,0.000000,0.128701,1,49.88
0.528000,0.005,-0.300000,-0.140000,4.600,7.49,0.034706,-0.010361,0.000000,1.473881,-0.008,0.600,-0.026296,0.040000,0.000000,-0.052592,0.000000,0.128701,1,49.88
0.530000,0.005,-0.300000,-0.140000,4.600,7.48,0.031212,-0.009249,0.000000,1.788019,-0.007,0.600,-0.026296,0.040000,0.000000,-0.052592,0.000000,0.128701,1,49.88
0.532000,0.004,-0.300000,-0.140000,4.600,7.47,0.027788,-0.008164,0.000000,1.970084,-0.006,0.600,-0.026296,0.040000,0.000000,-0.052592,0.000000,0.128701,1,49.88
0.534000,0.004,-0.300000,-0.140000,4.600,7.47,0.024432,-0.007104,0.000000,2.045885,-0.006,0.600,-0.026296,0.040000,0.000000,-0.052592,0.000000,0.128701,1,49.88
0.536000,0.003,-0.300000,-0.140000,4.600,7.47,0.021143,-0.006070,0.000000,1.563909,-0.005,0.600,-0.026296,0.040000,0.000000,-0.052592,0.000000,0.128701,1,49.88
0.538000,0.003,-0.300000,-0.140000,4.600,7.46,0.017920,-0.005061,0.000000,1.825920,-0.005,0.600,-0.026296,0.040000,0.000000,-0.052592,0.000000,0.128701,1,49.88
0.540000,0.002,-0.300000,-0.140000,4.600,7.46,0.014762,-0.004077,0.000000,1.977869,-0.004,0.600,-0.026296,0.040000,0.000000,-0.052592,0.000000,0.128701,1,49.88
0.542000,0.002,-0.300000,-0.140000,4.600,7.46,0.011666,-0.003117,0.000000,1.985241,-0.004,0.600,-0.026296,0.040000,0.000000,-0.052592,0.000000,0.128701,1,49.88
0.544000,0.001,-0.300000,-0.140000,4.600,7.46,0.008633,-0.002181,0.000000,1.498481,-0.003,0.600,-0.026296,0.040000,0.000000,-0.052592,0.000000,0.128701,1,49.88
0.546000,0.001,-0.300000,-0.140000,4.600,7.46,0.005660,-0.001267,0.000000,1.729867,-0.003,0.600,-0.026296,0.040000,0.000000,-0.052592,0.000000,0.128701,1,49.88
0.548000,0.000,-0.300000,-0.140000,4.600,7.46,0.002747,-0.000376,0.000000,1.837697,-0.002,0.600,-0.026296,0.040000,0.000000,-0.052592,0.000000,0.128701,1,49.88
0.550000,-0.000,-0.300000,-0.140000,4.600,7.45,-0.000108,0.000493,0.000000,1.748842,-0.002,0.600,-0.026296,0.040000,0.000000,-0.052592,0.000000,0.128701,1,49.88
0.552000,-0.001,-0.300000,-0.140000,4.600,7.45,-0.002906,0.001340,0.000000,1.238404,-0.001,0.600,-0.026296,0.040000,0.000000,-0.052592,0.000000,0.128701,1,49.88
0.554000,-0.001,-0.300000,-0.140000,4.600,7.45,-0.005648,0.002165,0.000000,1.462959,-0.001,0.600,-0.026296,0.040000,0.000000,-0.052592,0.000000,0.128701,1,49.88
0.556000,-0.001,-0.300000,-0.140000,4.600,7.45,-0.008335,0.002969,0.000000,1.610332,-0.000,0.600,-0.026296,0.040000,0.000000,-0.052592,0.000000,0.128701,1,49.88
0.558000,-0.002,-0.300000,-0.140000,4.600,7.45,-0.010968,0.003751,0.000000,1.572551,0.000,0.600,-0.026296,0.040000,0.000000,-0.052592,0.000000,0.128701,1,49.88
0.560000,-0.002,-0.300000,-0.140000,4.600,7.45,-0.013549,0.004512,0.000000,1.172799,0.001,0.600,-0.026296,0.040000,0.000000,-0.052592,0.000000,0.128701,1,49.88
0.562000,-0.003,-0.300000,-0.140000,4.600,7.45,-0.016078,0.005253,0.000000,1.341534,0.001,0.600,-0.026296,0.040000,0.000000,-0.052592,0.000000,0.128701,1,49.88
0.564000,-0.003,-0.300000,-0.140000,4.600,7.45,-0.018557,0.005972,0.000000,1.071697,0.001,0.600,-0.026296,0.040000,0.000000,-0.052592,0.000000,0.128701,1,49.88
0.566000,-0.003,-0.300000,-0.140000,4.600,7.45,-0.020985,0.006671,0.000000,0.690141,0.002,0.600,-0.026296,0.040000,0.000000,-0.052592,0.000000,0.128701,1,49.88
0.568000,-0.004,-0.300000,-0.140000,4.600,7.45,-0.023366,0.007349,0.000000,0.329811,0.002,0.600,-0.026296,0.040000,0.000000,-0.052592,0.000000,0.128701,1,49.88
0.570000,-0.004,-0.300000,-0.140000,4.600,7.45,-0.025699,0.008007,0.000000,0.493576,0.003,0.600,-0.026296,0.040000,0.000000,-0.052592,0.000000,0.128701,1,49.88
0.572000,-0.004,-0.300000,-0.140000,4.600,7.45,-0.027985,0.008644,0.000000,0.583757,0.003,0.600,-0.026296,0.040000,0.000000,-0.052592,0.000000,0.128701,1,49.88
0.574000,-0.005,-0.300000,-0.140000,4.600,7.45,-0.030225,0.009262,0.000000,0.870852,0.003,0.600,-0.026296,0.040000,0.000000,-0.052592,0.000000,0.128701,1,49.88
0.576000,-0.005,-0.300000,-0.140000,4.600,7.45,-0.032421,0.009861,0.000000,0.851971,0.004,0.600,-0.026296,0.040000,0.000000,-0.052592,0.000000,0.128701,1,49.88
0.578000,-0.005,-0.300000,-0.140000,4.600,7.45,-0.034572,0.010439,0.000000,0.999394,0.004,0.600,-0.026296,0.040000,0.000000,-0.052592,0.000000,0.128701,1,49.88
0.580000,-0.005,-0.300000,-0.138750,4.550,7.45,-0.036681,0.010999,0.000000,1.096209,0.004,0.600,-0.026939,0.045000,0.000000,-0.053877,0.000000,0.131846,1,49.75
0.582000,-0.006,-0.300000,-0.138750,4.550,7.44,-0.038722,0.011534,0.000000,1.059891,0.005,0.600,-0.026939,0.045000,0.000000,-0.053877,0.000000,0.131846,1,49.75
0.584000,-0.006,-0.300000,-0.138750,4.550,7.42,-0.040723,0.012052,0.000000,0.797854,0.005,0.600,-0.026939,0.045000,0.000000,-0.053877,0.000000,0.131846,1,49.75
0.586000,-0.006,-0.300000,-0.138750,4.550,7.41,-0.042683,0.012551,0.000000,0.915716,0.005,0.600,-0.026939,0.045000,0.000000,-0.053877,0.000000,0.131846,1,49.75
0.588000,-0.007,-0.300000,-0.138750,4.550,7.40,-0.044605,0.013031,0.000000,0.988483,0.005,0.600,-0.026939,0.045000,0.000000,-0.053877,0.000000,0.131846,1,49.75
0.590000,-0.007,-0.300000,-0.138750,4.550,7.40,-0.046488,0.013493,0.000000,0.943570,0.006,0.600,-0.026939,0.045000,0.000000,-0.053877,0.000000,0.131846,1,49.75
0.592000,-0.007,-0.300000,-0.138750,4.550,7.39,-0.048333,0.013938,0.000000,0.701679,0.006,0.600,-0.026939,0.045000,0.000000,-0.053877,0.000000,0.131846,1,49.75
0.594000,-0.007,-0.300000,-0.138750,4.550,7.39,-0.050141,0.014364,0.000000,0.809083,0.006,0.600,-0.026939,0.045000,0.000000,-0.053877,0.000000,0.131846,1,49.75
0.596000,-0.007,-0.300000,-0.138750,4.550,7.38,-0.051914,0.014773,0.000000,0.853718,0.007,0.600,-0.026939,0.045000,0.000000,-0.053877,0.000000,0.131846,1,49.75
0.598000,-0.008,-0.300000,-0.138750,4.550,7.38,-0.053650,0.015164,0.000000,0.812992,0.007,0.600,-0.026939,0.045000,0.000000,-0.053877,0.000000,0.131846,1,49.75
0.600000,-0.008,-0.016067,0.003217,4.550,7.38,-0.055352,0.015537,0.000000,0.000530,0.000,0.032,-0.026939,0.045000,0.000000,-0.053877,0.000000,0.131846,1,49.75
0.602000,-0.008,-0.104234,-0.040867,4.550,7.38,-0.056715,0.015827,0.000000,0.088407,0.000,0.208,-0.026939,0.045000,0.000000,-0.053877,0.000000,0.131846,1,49.75
0.604000,-0.008,-0.199079,-0.088290,4.550,7.38,-0.057746,0.016030,0.000000,0.183049,0.000,0.398,-0.026939,0.045000,0.000000,-0.053877,0.000000,0.131846,1,49.75
0.606000,-0.008,-0.260454,-0.118977,4.550,7.38,-0.058453,0.016152,0.000000,0.244302,0.000,0.521,-0.026939,0.045000,0.000000,-0.053877,0.000000,0.131846,1,49.75
0.608000,-0.008,-0.269924,-0.123712,4.550,7.37,-0.059483,0.016335,0.000000,0.253590,0.008,0.540,-0.026939,0.045000,0.000000,-0.053877,0.000000,0.131846,1,49.75
0.610000,-0.008,-0.300000,-0.138750,4.550,7.37,-0.060768,0.016569,0.000000,0.322661,0.008,0.600,-0.026939,0.045000,0.000000,-0.053877,0.000000,0.131846,1,49.75
0.612000,-0.008,-0.300000,-0.138750,4.550,7.37,-0.062327,0.016859,0.000000,0.384342,0.008,0.600,-0.026939,0.045000,0.000000,-0.053877,0.000000,0.131846,1,49.75
0.614000,-0.009,-0.300000,-0.138750,4.550,7.37,-0.063855,0.017135,0.000000,0.418900,0.008,0.600,-0.026939,0.045000,0.000000,-0.053877,0.000000,0.131846,1,49.75
0.616000,-0.009,-0.300000,-0.138750,4.550,7.37,-0.065353,0.017396,0.000000,0.358267,0.008,0.600,-0.026939,0.045000,0.000000,-0.053877,0.000000,0.131846,1,49.75
0.618000,-0.009,-0.300000,-0.138750,4.550,7.37,-0.066821,0.017640,0.000000,0.413473,0.008,0.600,-0.026939,0.045000,0.000000,-0.053877,0.000000,0.131846,1,49.75
0.620000,-0.009,-0.300000,-0.137500,4.500,7.37,-0.068260,0.017867,0.000000,0.457707,0.008,0.600,-0.028153,0.050000,0.000000,-0.056306,0.000000,0.137788,1,49.57
0.622000,-0.009,-0.300000,-0.137500,4.500,7.36,-0.069645,0.018076,0.000000,0.386623,0.009,0.600,-0.028153,0.050000,0.000000,-0.056306,0.000000,0.137788,1,49.57
0.624000,-0.009,-0.285724,-0.130362,4.500,7.34,-0.071002,0.018268,0.000000,0.267456,0.009,0.571,-0.028153,0.050000,0.000000,-0.056306,0.000000,0.137788,1,49.57
0.626000,-0.009,-0.300000,-0.137500,4.500,7.33,-0.072189,0.018415,0.000000,0.309260,0.009,0.600,-0.028153,0.050000,0.000000,-0.056306,0.000000,0.137788,1,49.57
0.628000,-0.009,-0.300000,-0.137500,4.500,7.32,-0.073495,0.018576,0.000000,0.315390,0.009,0.600,-0.028153,0.050000,0.000000,-0.056306,0.000000,0.137788,1,49.57
0.630000,-0.009,-0.286902,-0.130951,4.500,7.32,-0.074775,0.018724,0.000000,0.268178,0.009,0.574,-0.028153,0.050000,0.000000,-0.056306,0.000000,0.137788,1,49.57
0.632000,-0.009,-0.213698,-0.094349,4.500,7.31,-0.075899,0.018828,0.000000,0.194870,0.009,0.427,-0.028153,0.050000,0.000000,-0.056306,0.000000,0.137788,1,49.57
0.634000,-0.009,-0.209770,-0.092385,4.500,7.31,-0.076680,0.018846,0.000000,0.190923,0.009,0.420,-0.028153,0.050000,0.000000,-0.056306,0.000000,0.137788,1,49.57
0.636000,-0.009,-0.138093,-0.056547,4.500,7.30,-0.077124,0.018779,0.000000,0.119314,0.009,0.276,-0.028153,0.050000,0.000000,-0.056306,0.000000,0.137788,1,49.57
0.638000,-0.009,0.005488,0.015244,4.500,7.30,-0.077228,0.018627,0.000000,-0.024115,0.009,0.011,-0.028153,0.050000,0.000000,-0.056306,0.000000,0.137788,1,49.57
0.640000,-0.009,0.083420,0.054210,4.500,7.30,-0.076996,0.018392,0.000000,-0.101812,0.009,0.167,-0.028153,0.050000,0.000000,-0.056306,0.000000,0.137788,1,49.57
0.642000,-0.009,0.165186,0.095093,4.500,7.30,-0.076454,0.018080,0.000000,-0.183266,0.009,0.330,-0.028153,0.050000,0.000000,-0.056306,0.000000,0.137788,1,49.57
0.644000,-0.009,0.300000,0.162500,4.500,7.30,-0.075601,0.017693,0.000000,-0.363019,0.009,0.600,-0.028153,0.050000,0.000000,-0.056306,0.000000,0.137788,1,49.57
0.646000,-0.009,0.300000,0.162500,4.500,7.29,-0.074434,0.017232,0.000000,-0.558696,0.009,0.600,-0.028153,0.050000,0.000000,-0.056306,0.000000,0.137788,1,49.57
0.648000,-0.008,0.300000,0.162500,4.500,7.29,-0.072954,0.016698,0.000000,-0.511706,0.009,0.600,-0.028153,0.050000,0.000000,-0.056306,0.000000,0.137788,1,49.57
0.650000,-0.008,0.300000,0.162500,4.500,7.29,-0.071160,0.016092,0.000000,-0.676838,0.009,0.600,-0.028153,0.050000,0.000000,-0.056306,0.000000,0.137788,1,49.57
0.652000,-0.008,0.300000,0.162500,4.500,7.29,-0.069050,0.015414,0.000000,-0.963153,0.009,0.600,-0.028153,0.050000,0.000000,-0.056306,0.000000,0.137788,1,49.57
0.654000,-0.007,0.300000,0.162500,4.500,7.29,-0.066625,0.014667,0.000000,-1.186658,0.009,0.600,-0.028153,0.050000,0.000000,-0.056306,0.000000,0.137788,1,49.57
0.656000,-0.007,0.300000,0.162500,4.500,7.29,-0.063884,0.013851,0.000000,-1.004684,0.008,0.600,-0.028153,0.050000,0.000000,-0.056306,0.000000,0.137788,1,49.57
0.658000,-0.006,0.300000,0.162500,4.500,7.29,-0.060826,0.012967,0.000000,-1.258222,0.008,0.600,-0.028153,0.050000,0.000000,-0.056306,0.000000,0.137788,1,49.57
0.660000,-0.006,0.300000,0.162500,4.500,7.29,-0.057453,0.012017,0.000000,-1.471940,0.008,0.600,-0.028153,0.050000,0.000000,-0.056306,0.000000,0.137788,1,49.57
0.662000,-0.006,0.300000,0.162500,4.500,7.29,-0.053764,0.011002,0.000000,-1.603281,0.007,0.600,-0.028153,0.050000,0.000000,-0.056306,0.000000,0.137788,1,49.57
0.664000,-0.005,0.300000,0.162500,4.500,7.29,-0.049762,0.009924,0.000000,-1.259812,0.007,0.600,-0.028153,0.050000,0.000000,-0.056306,0.000000,0.137788,1,49.57
0.666000,-0.004,0.300000,0.162500,4.500,7.29,-0.045517,0.008799,0.000000,-1.219573,0.006,0.600,-0.028153,0.050000,0.000000,-0.056306,0.000000,0.137788,1,49.57
0.668000,-0.004,0.300000,0.162500,4.500,7.29,-0.041356,0.007689,0.000000,-1.429629,0.006,0.600,-0.028153,0.050000,0.000000,-0.056306,0.000000,0.137788,1,49.57
0.670000,-0.003,0.300000,0.162500,4.500,7.29,-0.037279,0.006609,0.000000,-1.578523,0.006,0.600,-0.028153,0.050000,0.000000,-0.056306,0.000000,0.137788,1,49.57
0.672000,-0.003,0.300000,0.162500,4.500,7.29,-0.033284,0.005560,0.000000,-1.138232,0.005,0.600,-0.028153,0.050000,0.000000,-0.056306,0.000000,0.137788,1,49.57
0.674000,-0.002,0.300000,0.162500,4.500,7.29,-0.029368,0.004543,0.000000,-1.407555,0.004,0.600,-0.028153,0.050000,0.000000,-0.056306,0.000000,0.137788,1,49.57
0.676000,-0.002,0.300000,0.162500,4.500,7.29,-0.025530,0.003556,0.000000,-1.862670,0.004,0.600,-0.028153,0.050000,0.000000,-0.056306,0.000000,0.137788,1,49.57
0.678000,-0.001,0.300000,0.162500,4.500,7.29,-0.021770,0.002600,0.000000,-1.798207,0.003,0.600,-0.028153,0.050000,0.000000,-0.056306,0.000000,0.137788,1,49.57
0.680000,-0.001,0.300000,0.161250,4.550,7.29,-0.018084,0.001671,0.000000,-1.306870,0.003,0.600,-0.021351,0.045000,0.000000,-0.042703,0.000000,0.104500,1,51.33
0.682000,-0.000,0.300000,0.161250,4.550,7.31,-0.014497,0.000772,0.000000,-1.513339,0.002,0.600,-0.021351,0.045000,0.000000,-0.042703,0.000000,0.104500,1,51.33
0.684000,0.000,0.300000,0.161250,4.550,7.32,-0.010982,-0.000100,0.000000,-1.646245,0.002,0.600,-0.021351,0.045000,0.000000,-0.042703,0.000000,0.104500,1,51.33
0.686000,0.000,0.300000,0.161250,4.550,7.33,-0.007538,-0.000947,0.000000,-1.579935,0.001,0.600,-0.021351,0.045000,0.000000,-0.042703,0.000000,0.104500,1,51.33
0.688000,0.001,0.300000,0.161250,4.550,7.34,-0.004162,-0.001769,0.000000,-1.195261,0.001,0.600,-0.021351,0.045000,0.000000,-0.042703,0.000000,0.104500,1,51.33
0.690000,0.001,0.300000,0.161250,4.550,7.34,-0.000854,-0.002566,0.000000,-1.391275,0.000,0.600,-0.021351,0.045000,0.000000,-0.042703,0.000000,0.104500,1,51.33
0.692000,0.002,0.300000,0.161250,4.550,7.35,0.002389,-0.003338,0.000000,-1.548615,-0.000,0.600,-0.021351,0.045000,0.000000,-0.042703,0.000000,0.104500,1,51.33
0.694000,0.002,0.300000,0.161250,4.550,7.35,0.005566,-0.004086,0.000000,-1.480802,-0.000,0.600,-0.021351,0.045000,0.000000,-0.042703,0.000000,0.104500,1,51.33
0.696000,0.002,0.300000,0.161250,4.550,7.36,0.008680,-0.004810,0.000000,-1.126933,-0.001,0.600,-0.021351,0.045000,0.000000,-0.042703,0.000000,0.104500,1,51.33
0.698000,0.003,0.300000,0.161250,4.550,7.36,0.011731,-0.005510,0.000000,-1.308327,-0.001,0.600,-0.021351,0.045000,0.000000,-0.042703,0.000000,0.104500,1,51.33
0.700000,0.003,0.006390,0.014445,4.550,7.36,0.014722,-0.006187,0.000000,-0.000203,0.000,0.013,-0.021351,0.045000,0.000000,-0.042703,0.000000,0.104500,1,51.33
0.702000,0.003,0.300000,0.161250,4.550,7.36,0.017347,-0.006775,0.000000,-0.304676,0.000,0.600,-0.021351,0.045000,0.000000,-0.042703,0.000000,0.104500,1,51.33
0.704000,0.004,0.300000,0.161250,4.550,7.37,0.020224,-0.007406,0.000000,-0.335649,0.000,0.600,-0.021351,0.045000,0.000000,-0.042703,0.000000,0.104500,1,51.33
0.706000,0.004,0.300000,0.161250,4.550,7.37,0.023045,-0.008016,0.000000,-0.537423,0.000,0.600,-0.021351,0.045000,0.000000,-0.042703,0.000000,0.104500,1,51.33
0.708000,0.004,0.300000,0.161250,4.550,7.37,0.025809,-0.008605,0.000000,-0.864503,-0.003,0.600,-0.021351,0.045000,0.000000,-0.042703,0.000000,0.104500,1,51.33
0.710000,0.005,0.300000,0.161250,4.550,7.37,0.028518,-0.009172,0.000000,-1.167627,-0.003,0.600,-0.021351,0.045000,0.000000,-0.042703,0.000000,0.104500,1,51.33
0.712000,0.005,0.300000,0.161250,4.550,7.37,0.031173,-0.009716,0.000000,-0.889124,-0.004,0.600,-0.021351,0.045000,0.000000,-0.042703,0.000000,0.104500,1,51.33
0.714000,0.005,0.300000,0.161250,4.550,7.37,0.033774,-0.010239,0.000000,-0.875583,-0.004,0.600,-0.021351,0.045000,0.000000,-0.042703,0.000000,0.104500,1,51.33
0.716000,0.005,0.300000,0.161250,4.550,7.37,0.036324,-0.010741,0.000000,-0.706792,-0.004,0.600,-0.021351,0.045000,0.000000,-0.042703,0.000000,0.104500,1,51.33
0.718000,0.006,0.300000,0.161250,4.550,7.37,0.038822,-0.011221,0.000000,-0.380840,-0.005,0.600,-0.021351,0.045000,0.000000,-0.042703,0.000000,0.104500,1,51.33
0.720000,0.006,0.111306,0.068153,4.500,7.37,0.041271,-0.011680,0.000000,-0.099626,-0.005,0.223,-0.027432,0.050000,0.000000,-0.054863,0.000000,0.134258,1,50.66
0.722000,0.006,0.188123,0.106561,4.500,7.35,0.043338,-0.012047,0.000000,-0.176075,-0.005,0.376,-0.027432,0.050000,0.000000,-0.054863,0.000000,0.134258,1,50.66
0.724000,0.006,0.292892,0.158946,4.500,7.34,0.045036,-0.012324,0.000000,-0.280568,-0.005,0.586,-0.027432,0.050000,0.000000,-0.054863,0.000000,0.134258,1,50.66
0.726000,0.006,0.300000,0.162500,4.500,7.33,0.047070,-0.012659,0.000000,-0.388460,-0.006,0.600,-0.027432,0.050000,0.000000,-0.054863,0.000000,0.134258,1,50.66
0.728000,0.007,0.300000,0.162500,4.500,7.32,0.049378,-0.013048,0.000000,-0.404433,-0.006,0.600,-0.027432,0.050000,0.000000,-0.054863,0.000000,0.134258,1,50.66
0.730000,0.007,0.300000,0.162500,4.500,7.32,0.051641,-0.013421,0.000000,-0.491395,-0.006,0.600,-0.027432,0.050000,0.000000,-0.054863,0.000000,0.134258,1,50.66
0.732000,0.007,0.300000,0.162500,4.500,7.31,0.053858,-0.013774,0.000000,-0.553933,-0.006,0.600,-0.027432,0.050000,0.000000,-0.054863,0.000000,0.134258,1,50.66
0.734000,0.007,0.300000,0.162500,4.500,7.31,0.056031,-0.014108,0.000000,-0.579004,-0.006,0.600,-0.027432,0.050000,0.000000,-0.054863,0.000000,0.134258,1,50.66
0.736000,0.007,0.300000,0.162500,4.500,7.30,0.058160,-0.014422,0.000000,-0.452699,-0.007,0.600,-0.027432,0.050000,0.000000,-0.054863,0.000000,0.134258,1,50.66
0.738000,0.007,0.300000,0.162500,4.500,7.30,0.060247,-0.014716,0.000000,-0.523141,-0.007,0.600,-0.027432,0.050000,0.000000,-0.054863,0.000000,0.134258,1,50.66
0.740000,0.007,0.300000,0.162500,4.500,7.30,0.062292,-0.014991,0.000000,-0.541566,-0.007,0.600,-0.027432,0.050000,0.000000,-0.054863,0.000000,0.134258,1,50.66
0.742000,0.008,0.300000,0.162500,4.500,7.30,0.064296,-0.015248,0.000000,-0.495058,-0.007,0.600,-0.027432,0.050000,0.000000,-0.054863,0.000000,0.134258,1,50.66
0.744000,0.008,0.300000,0.162500,4.500,7.30,0.066260,-0.015485,0.000000,-0.358380,-0.007,0.600,-0.027432,0.050000,0.000000,-0.054863,0.000000,0.134258,1,50.66
0.746000,0.008,0.300000,0.162500,4.500,7.29,0.068185,-0.015704,0.000000,-0.408607,-0.007,0.600,-0.027432,0.050000,0.000000,-0.054863,0.000000,0.134258,1,50.66
0.748000,0.008,0.300000,0.162500,4.500,7.29,0.070072,-0.015904,0.000000,-0.432109,-0.007,0.600,-0.027432,0.050000,0.000000,-0.054863,0.000000,0.134258,1,50.66
0.750000,0.008,0.300000,0.162500,4.500,7.29,0.071920,-0.016086,0.000000,-0.388430,-0.008,0.600,-0.027432,0.050000,0.000000,-0.054863,0.000000,0.134258,1,50.66
0.752000,0.008,0.293052,0.159026,4.500,7.29,0.073732,-0.016251,0.000000,-0.276801,-0.008,0.586,-0.027432,0.050000,0.000000,-0.054863,0.000000,0.134258,1,50.66
0.754000,0.008,0.300000,0.162500,4.500,7.29,0.075438,-0.016382,0.000000,-0.306571,-0.008,0.600,-0.027432,0.050000,0.000000,-0.054863,0.000000,0.134258,1,50.66
0.756000,0.008,0.300000,0.162500,4.500,7.29,0.077179,-0.016510,0.000000,-0.294940,-0.008,0.600,-0.027432,0.050000,0.000000,-0.054863,0.000000,0.134258,1,50.66
0.758000,0.008,0.252835,0.138918,4.500,7.29,0.078885,-0.016621,0.000000,-0.236214,-0.008,0.506,-0.027432,0.050000,0.000000,-0.054863,0.000000,0.134258,1,50.66
0.760000,0.008,0.170181,0.097590,4.500,7.29,0.080231,-0.016646,0.000000,-0.153535,-0.008,0.340,-0.027432,0.050000,0.000000,-0.054863,0.000000,0.134258,1,50.66
0.762000,0.008,0.148751,0.086876,4.500,7.29,0.081229,-0.016587,0.000000,-0.132164,-0.008,0.298,-0.027432,0.050000,0.000000,-0.054863,0.000000,0.134258,1,50.66
0.764000,0.008,0.054138,0.039569,4.500,7.29,0.081887,-0.016444,0.000000,-0.037694,-0.008,0.108,-0.027432,0.050000,0.000000,-0.054863,0.000000,0.134258,1,50.66
0.766000,0.008,-0.070418,-0.022709,4.500,7.29,0.082205,-0.016216,0.000000,0.086634,-0.008,0.141,-0.027432,0.050000,0.000000,-0.054863,0.000000,0.134258,1,50.66
0.768000,0.008,-0.123688,-0.049344,4.500,7.29,0.082181,-0.015905,0.000000,0.139593,-0.008,0.247,-0.027432,0.050000,0.000000,-0.054863,0.000000,0.134258,1,50.66
0.770000,0.008,-0.240777,-0.107889,4.500,7.29,0.081846,-0.015520,0.000000,0.256297,-0.008,0.482,-0.027432,0.050000,0.000000,-0.054863,0.000000,0.134258,1,50.66
0.772000,0.008,-0.300000,-0.137500,4.500,7.29,0.081198,-0.015061,0.000000,0.447814,-0.008,0.600,-0.027432,0.050000,0.000000,-0.054863,0.000000,0.134258,1,50.66
0.774000,0.007,-0.300000,-0.137500,4.500,7.29,0.080236,-0.014529,0.000000,0.637903,-0.008,0.600,-0.027432,0.050000,0.000000,-0.054863,0.000000,0.134258,1,50.66
0.776000,0.007,-0.300000,-0.137500,4.500,7.29,0.078962,-0.013927,0.000000,0.596951,-0.008,0.600,-0.027432,0.050000,0.000000,-0.054863,0.000000,0.134258,1,50.66
0.778000,0.007,-0.300000,-0.137500,4.500,7.29,0.077376,-0.013256,0.000000,0.813633,-0.008,0.600,-0.027432,0.050000,0.000000,-0.054863,0.000000,0.134258,1,50.66
0.780000,0.006,-0.300000,-0.136823,4.473,7.29,0.075480,-0.012516,0.000000,1.080197,-0.008,0.600,-0.028193,0.052706,0.000000,-0.056386,0.000000,0.137984,1,50.80
0.782000,0.006,-0.300000,-0.136823,4.473,7.28,0.073271,-0.011708,0.000000,1.239048,-0.007,0.600,-0.028193,0.052706,0.000000,-0.056386,0.000000,0.137984,1,50.80
0.784000,0.005,-0.300000,-0.136823,4.473,7.27,0.070756,-0.010835,0.000000,1.036422,-0.007,0.600,-0.028193,0.052706,0.000000,-0.056386,0.000000,0.137984,1,50.80
0.786000,0.005,-0.300000,-0.136823,4.473,7.27,0.067936,-0.009898,0.000000,1.070138,-0.007,0.600,-0.028193,0.052706,0.000000,-0.056386,0.000000,0.137984,1,50.80
0.788000,0.004,-0.300000,-0.136823,4.473,7.26,0.064813,-0.008900,0.000000,1.224505,-0.006,0.600,-0.028193,0.052706,0.000000,-0.056386,0.000000,0.137984,1,50.80
0.790000,0.004,-0.300000,-0.136823,4.473,7.26,0.061386,-0.007841,0.000000,1.333791,-0.006,0.600,-0.028193,0.052706,0.000000,-0.056386,0.000000,0.137984,1,50.80
0.792000,0.003,-0.300000,-0.136823,4.473,7.26,0.057654,-0.006724,0.000000,1.004646,-0.005,0.600,-0.028193,0.052706,0.000000,-0.056386,0.000000,0.137984,1,50.80
0.794000,0.003,-0.300000,-0.136823,4.473,7.26,0.053765,-0.005582,0.000000,1.255051,-0.005,0.600,-0.028193,0.052706,0.000000,-0.056386,0.000000,0.137984,1,50.80
0.796000,0.002,-0.300000,-0.136823,4.473,7.25,0.049953,-0.004458,0.000000,1.681501,-0.004,0.600,-0.028193,0.052706,0.000000,-0.056386,0.000000,0.137984,1,50.80
0.798000,0.002,-0.300000,-0.136823,4.473,7.25,0.046217,-0.003364,0.000000,1.858344,-0.004,0.600,-0.028193,0.052706,0.000000,-0.056386,0.000000,0.137984,1,50.80
0.800000,0.001,0.002368,0.014360,4.473,7.25,0.042556,-0.002296,0.000000,-0.000072,0.000,0.005,-0.028193,0.052706,0.000000,-0.056386,0.000000,0.137984,1,50.80
0.802000,0.001,-0.300000,-0.136823,4.473,7.25,0.039268,-0.001316,0.000000,0.308237,0.000,0.600,-0.028193,0.052706,0.000000,-0.056386,0.000000,0.137984,1,50.80
0.804000,0.000,-0.300000,-0.136823,4.473,7.25,0.035747,-0.000303,0.000000,0.811310,0.000,0.600,-0.028193,0.052706,0.000000,-0.056386,0.000000,0.137984,1,50.80
0.806000,-0.000,-0.300000,-0.136823,4.473,7.25,0.032295,0.000691,0.000000,1.324783,0.000,0.600,-0.028193,0.052706,0.000000,-0.056386,0.000000,0.137984,1,50.80
0.808000,-0.001,-0.300000,-0.136823,4.473,7.25,0.028913,0.001661,0.000000,1.345709,-0.001,0.600,-0.028193,0.052706,0.000000,-0.056386,0.000000,0.137984,1,50.80
0.810000,-0.001,-0.300000,-0.136823,4.473,7.25,0.025598,0.002607,0.000000,1.606565,-0.001,0.600,-0.028193,0.052706,0.000000,-0.056386,0.000000,0.137984,1,50.80
0.812000,-0.002,-0.300000,-0.136823,4.473,7.25,0.022350,0.003529,0.000000,1.764600,-0.000,0.600,-0.028193,0.052706,0.000000,-0.056386,0.000000,0.137984,1,50.80
0.814000,-0.002,-0.300000,-0.136823,4.473,7.25,0.019166,0.004428,0.000000,1.686657,0.000,0.600,-0.028193,0.052706,0.000000,-0.056386,0.000000,0.137984,1,50.80
0.816000,-0.003,-0.300000,-0.136823,4.473,7.25,0.016046,0.005303,0.000000,1.219217,0.001,0.600,-0.028193,0.052706,0.000000,-0.056386,0.000000,0.137984,1,50.80
0.818000,-0.003,-0.300000,-0.136823,4.473,7.25,0.012989,0.006156,0.000000,1.200155,0.001,0.600,-0.028193,0.052706,0.000000,-0.056386,0.000000,0.137984,1,50.80
0.820000,-0.003,-0.300000,-0.137193,4.488,7.25,0.009993,0.006986,0.000000,0.957788,0.002,0.600,-0.027402,0.051228,0.000000,-0.054805,0.000000,0.134115,1,50.72
0.822000,-0.004,-0.300000,-0.137193,4.488,7.25,0.007049,0.007796,0.000000,0.779622,0.002,0.600,-0.027402,0.051228,0.000000,-0.054805,0.000000,0.134115,1,50.72
0.824000,-0.004,-0.300000,-0.137193,4.488,7.25,0.004164,0.008584,0.000000,0.383775,0.003,0.600,-0.027402,0.051228,0.000000,-0.054805,0.000000,0.134115,1,50.72
0.826000,-0.005,-0.300000,-0.137193,4.488,7.26,0.001337,0.009350,0.000000,0.577823,0.003,0.600,-0.027402,0.051228,0.000000,-0.054805,0.000000,0.134115,1,50.72
0.828000,-0.005,-0.300000,-0.137193,4.488,7.26,-0.001434,0.010094,0.000000,0.924522,0.003,0.600,-0.027402,0.051228,0.000000,-0.054805,0.000000,0.134115,1,50.72
0.830000,-0.005,-0.300000,-0.137193,4.488,7.26,-0.004149,0.010818,0.000000,1.277110,0.004,0.600,-0.027402,0.051228,0.000000,-0.054805,0.000000,0.134115,1,50.72
0.832000,-0.006,-0.300000,-0.137193,4.488,7.26,-0.006810,0.011520,0.000000,1.023412,0.004,0.600,-0.027402,0.051228,0.000000,-0.054805,0.000000,0.134115,1,50.72
0.834000,-0.006,-0.300000,-0.137193,4.488,7.26,-0.009418,0.012201,0.000000,1.200020,0.005,0.600,-0.027402,0.051228,0.000000,-0.054805,0.000000,0.134115,1,50.72
0.836000,-0.006,-0.300000,-0.137193,4.488,7.27,-0.011973,0.012862,0.000000,1.248267,0.005,0.600,-0.027402,0.051228,0.000000,-0.054805,0.000000,0.134115,1,50.72
0.838000,-0.007,-0.300000,-0.137193,4.488,7.27,-0.014478,0.013502,0.000000,1.147140,0.005,0.600,-0.027402,0.051228,0.000000,-0.054805,0.000000,0.134115,1,50.72
0.840000,-0.007,-0.300000,-0.137193,4.488,7.27,-0.016932,0.014121,0.000000,0.806808,0.006,0.600,-0.027402,0.051228,0.000000,-0.054805,0.000000,0.134115,1,50.72
0.842000,-0.007,-0.300000,-0.137193,4.488,7.27,-0.019337,0.014721,0.000000,0.815850,0.006,0.600,-0.027402,0.051228,0.000000,-0.054805,0.000000,0.134115,1,50.72
0.844000,-0.008,-0.300000,-0.137193,4.488,7.27,-0.021695,0.015300,0.000000,0.832832,0.006,0.600,-0.027402,0.051228,0.000000,-0.054805,0.000000,0.134115,1,50.72
0.846000,-0.008,-0.300000,-0.137193,4.488,7.27,-0.024005,0.015860,0.000000,0.793260,0.007,0.600,-0.027402,0.051228,0.000000,-0.054805,0.000000,0.134115,1,50.72
0.848000,-0.008,-0.300000,-0.137193,4.488,7.27,-0.026268,0.016400,0.000000,0.564463,0.007,0.600,-0.027402,0.051228,0.000000,-0.054805,0.000000,0.134115,1,50.72
0.850000,-0.008,-0.300000,-0.137193,4.488,7.27,-0.028487,0.016921,0.000000,0.698386,0.007,0.600,-0.027402,0.051228,0.000000,-0.054805,0.000000,0.134115,1,50.72
0.852000,-0.009,-0.300000,-0.137193,4.488,7.27,-0.030661,0.017422,0.000000,0.878659,0.008,0.600,-0.027402,0.051228,0.000000,-0.054805,0.000000,0.134115,1,50.72
0.854000,-0.009,-0.300000,-0.137193,4.488,7.27,-0.032792,0.017905,0.000000,0.876460,0.008,0.600,-0.027402,0.051228,0.000000,-0.054805,0.000000,0.134115,1,50.72
0.856000,-0.009,-0.300000,-0.137193,4.488,7.27,-0.034880,0.018369,0.000000,0.645186,0.008,0.600,-0.027402,0.051228,0.000000,-0.054805,0.000000,0.134115,1,50.72
0.858000,-0.009,-0.300000,-0.137193,4.488,7.27,-0.036926,0.018813,0.000000,0.749057,0.008,0.600,-0.027402,0.051228,0.000000,-0.054805,0.000000,0.134115,1,50.72
0.860000,-0.010,-0.300000,-0.137193,4.488,7.27,-0.038932,0.019240,0.000000,0.769496,0.009,0.600,-0.027402,0.051228,0.000000,-0.054805,0.000000,0.134115,1,50.72
0.862000,-0.010,-0.300000,-0.137193,4.488,7.27,-0.040897,0.019648,0.000000,0.581958,0.009,0.600,-0.027402,0.051228,0.000000,-0.054805,0.000000,0.134115,1,50.72
0.864000,-0.010,-0.300000,-0.137193,4.488,7.27,-0.042823,0.020038,0.000000,0.369377,0.009,0.600,-0.027402,0.051228,0.000000,-0.054805,0.000000,0.134115,1,50.72
0.866000,-0.010,-0.300000,-0.137193,4.488,7.27,-0.044710,0.020410,0.000000,0.457057,0.009,0.600,-0.027402,0.051228,0.000000,-0.054805,0.000000,0.134115,1,50.72
0.868000,-0.010,-0.300000,-0.137193,4.488,7.27,-0.046560,0.020764,0.000000,0.497832,0.010,0.600,-0.027402,0.051228,0.000000,-0.054805,0.000000,0.134115,1,50.72
0.870000,-0.011,-0.300000,-0.137193,4.488,7.27,-0.048373,0.021100,0.000000,0.313614,0.010,0.600,-0.027402,0.051228,0.000000,-0.054805,0.000000,0.134115,1,50.72
0.872000,-0.011,-0.300000,-0.137193,4.488,7.27,-0.050149,0.021419,0.000000,0.288286,0.010,0.600,-0.027402,0.051228,0.000000,-0.054805,0.000000,0.134115,1,50.72
0.874000,-0.011,-0.300000,-0.137193,4.488,7.27,-0.051890,0.021720,0.000000,0.362571,0.010,0.600,-0.027402,0.051228,0.000000,-0.054805,0.000000,0.134115,1,50.72
0.876000,-0.011,-0.300000,-0.137193,4.488,7.27,-0.053596,0.022005,0.000000,0.352001,0.010,0.600,-0.027402,0.051228,0.000000,-0.054805,0.000000,0.134115,1,50.72
0.878000,-0.011,-0.300000,-0.137193,4.488,7.27,-0.055268,0.022272,0.000000,0.296548,0.011,0.600,-0.027402,0.051228,0.000000,-0.054805,0.000000,0.134115,1,50.72
0.880000,-0.011,-0.300000,-0.136977,4.479,7.27,-0.056907,0.022522,0.000000,0.309027,0.011,0.600,-0.027865,0.052092,0.000000,-0.055729,0.000000,0.136378,1,50.33
0.882000,-0.011,-0.300000,-0.136977,4.479,7.27,-0.058508,0.022755,0.000000,0.368471,0.011,0.600,-0.027865,0.052092,0.000000,-0.055729,0.000000,0.136378,1,50.33
0.884000,-0.011,-0.300000,-0.136977,4.479,7.26,-0.060078,0.022971,0.000000,0.391618,0.011,0.600,-0.027865,0.052092,0.000000,-0.055729,0.000000,0.136378,1,50.33
0.886000,-0.012,-0.300000,-0.136977,4.479,7.26,-0.061616,0.023171,0.000000,0.411854,0.011,0.600,-0.027865,0.052092,0.000000,-0.055729,0.000000,0.136378,1,50.33
0.888000,-0.012,-0.300000,-0.136977,4.479,7.26,-0.063123,0.023355,0.000000,0.313471,0.011,0.600,-0.027865,0.052092,0.000000,-0.055729,0.000000,0.136378,1,50.33
0.890000,-0.012,-0.300000,-0.136977,4.479,7.26,-0.064600,0.023522,0.000000,0.312567,0.011,0.600,-0.027865,0.052092,0.000000,-0.055729,0.000000,0.136378,1,50.33
0.892000,-0.012,-0.300000,-0.136977,4.479,7.26,-0.066047,0.023674,0.000000,0.316904,0.011,0.600,-0.027865,0.052092,0.000000,-0.055729,0.000000,0.136378,1,50.33
0.894000,-0.012,-0.300000,-0.136977,4.479,7.26,-0.067466,0.023809,0.000000,0.284499,0.012,0.600,-0.027865,0.052092,0.000000,-0.055729,0.000000,0.136378,1,50.33
0.896000,-0.012,-0.197904,-0.085929,4.479,7.26,-0.068856,0.023929,0.000000,0.173975,0.012,0.396,-0.027865,0.052092,0.000000,-0.055729,0.000000,0.136378,1,50.33
0.898000,-0.012,-0.202378,-0.088166,4.479,7.26,-0.069930,0.023972,0.000000,0.178406,0.012,0.405,-0.027865,0.052092,0.000000,-0.055729,0.000000,0.136378,1,50.33
0.900000,-0.012,-0.024660,0.000693,4.479,7.26,-0.070693,0.023938,0.000000,0.000721,0.000,0.049,-0.027865,0.052092,0.000000,-0.055729,0.000000,0.136378,1,50.33
0.902000,-0.012,0.041197,0.033622,4.479,7.26,-0.071149,0.023828,0.000000,-0.065025,0.000,0.082,-0.027865,0.052092,0.000000,-0.055729,0.000000,0.136378,1,50.33
0.904000,-0.012,0.050763,0.038405,4.479,7.26,-0.071296,0.023643,0.000000,-0.074405,0.000,0.102,-0.027865,0.052092,0.000000,-0.055729,0.000000,0.136378,1,50.33
0.906000,-0.012,0.139753,0.082900,4.479,7.26,-0.071136,0.023383,0.000000,-0.163136,0.000,0.280,-0.027865,0.052092,0.000000,-0.055729,0.000000,0.136378,1,50.33
0.908000,-0.012,0.300000,0.163023,4.479,7.26,-0.070680,0.023052,0.000000,-0.324056,0.012,0.600,-0.027865,0.052092,0.000000,-0.055729,0.000000,0.136378,1,50.33
0.910000,-0.011,0.300000,0.163023,4.479,7.26,-0.069927,0.022652,0.000000,-0.535405,0.012,0.600,-0.027865,0.052092,0.000000,-0.055729,0.000000,0.136378,1,50.33
0.912000,-0.011,0.300000,0.163023,4.479,7.26,-0.068880,0.022184,0.000000,-0.492893,0.012,0.600,-0.027865,0.052092,0.000000,-0.055729,0.000000,0.136378,1,50.33
0.914000,-0.011,0.300000,0.163023,4.479,7.26,-0.067541,0.021648,0.000000,-0.523056,0.012,0.600,-0.027865,0.052092,0.000000,-0.055729,0.000000,0.136378,1,50.33
0.916000,-0.011,0.300000,0.163023,4.479,7.26,-0.065910,0.021047,0.000000,-0.665901,0.012,0.600,-0.027865,0.052092,0.000000,-0.055729,0.000000,0.136378,1,50.33
0.918000,-0.010,0.300000,0.163023,4.479,7.26,-0.063989,0.020382,0.000000,-0.783213,0.011,0.600,-0.027865,0.052092,0.000000,-0.055729,0.000000,0.136378,1,50.33
0.920000,-0.010,0.300000,0.163260,4.470,7.26,-0.061781,0.019654,0.000000,-0.574089,0.011,0.600,-0.028371,0.053040,0.000000,-0.056743,0.000000,0.138857,1,50.29
0.922000,-0.009,0.300000,0.163260,4.470,7.25,-0.059285,0.018865,0.000000,-0.561294,0.011,0.600,-0.028371,0.053040,0.000000,-0.056743,0.000000,0.138857,1,50.29
0.924000,-0.009,0.300000,0.163260,4.470,7.25,-0.056506,0.018016,0.000000,-0.841591,0.011,0.600,-0.028371,0.053040,0.000000,-0.056743,0.000000,0.138857,1,50.29
0.926000,-0.009,0.300000,0.163260,4.470,7.25,-0.053446,0.017108,0.000000,-0.978925,0.010,0.600,-0.028371,0.053040,0.000000,-0.056743,0.000000,0.138857,1,50.29
0.928000,-0.008,0.300000,0.163260,4.470,7.25,-0.050107,0.016145,0.000000,-0.731046,0.010,0.600,-0.028371,0.053040,0.000000,-0.056743,0.000000,0.138857,1,50.29
0.930000,-0.008,0.300000,0.163260,4.470,7.25,-0.046493,0.015126,0.000000,-0.984796,0.009,0.600,-0.028371,0.053040,0.000000,-0.056743,0.000000,0.138857,1,50.29
0.932000,-0.007,0.300000,0.163260,4.470,7.24,-0.042604,0.014054,0.000000,-1.499618,0.009,0.600,-0.028371,0.053040,0.000000,-0.056743,0.000000,0.138857,1,50.29
0.934000,-0.006,0.300000,0.163260,4.470,7.24,-0.038487,0.012939,0.000000,-1.673211,0.009,0.600,-0.028371,0.053040,0.000000,-0.056743,0.000000,0.138857,1,50.29
0.936000,-0.006,0.300000,0.163260,4.470,7.24,-0.034452,0.011848,0.000000,-1.346669,0.008,0.600,-0.028371,0.053040,0.000000,-0.056743,0.000000,0.138857,1,50.29
0.938000,-0.005,0.300000,0.163260,4.470,7.24,-0.030498,0.010777,0.000000,-1.619074,0.008,0.600,-0.028371,0.053040,0.000000,-0.056743,0.000000,0.138857,1,50.29
0.940000,-0.005,0.300000,0.163260,4.470,7.24,-0.026623,0.009734,0.000000,-1.459647,0.007,0.600,-0.028371,0.053040,0.000000,-0.056743,0.000000,0.138857,1,50.29
0.942000,-0.004,0.300000,0.163260,4.470,7.24,-0.022825,0.008718,0.000000,-1.442401,0.006,0.600,-0.028371,0.053040,0.000000,-0.056743,0.000000,0.138857,1,50.29
0.944000,-0.004,0.300000,0.163260,4.470,7.24,-0.019103,0.007729,0.000000,-0.969852,0.006,0.600,-0.028371,0.053040,0.000000,-0.056743,0.000000,0.138857,1,50.29
0.946000,-0.003,0.300000,0.163260,4.470,7.24,-0.015456,0.006767,0.000000,-1.214685,0.005,0.600,-0.028371,0.053040,0.000000,-0.056743,0.000000,0.138857,1,50.29
0.948000,-0.003,0.300000,0.163260,4.470,7.24,-0.011882,0.005831,0.000000,-1.333599,0.005,0.600,-0.028371,0.053040,0.000000,-0.056743,0.000000,0.138857,1,50.29
0.950000,-0.002,0.300000,0.163260,4.470,7.24,-0.008379,0.004923,0.000000,-1.686981,0.004,0.600,-0.028371,0.053040,0.000000,-0.056743,0.000000,0.138857,1,50.29
0.952000,-0.002,0.300000,0.163260,4.470,7.24,-0.004946,0.004040,0.000000,-1.222973,0.004,0.600,-0.028371,0.053040,0.000000,-0.056743,0.000000,0.138857,1,50.29
0.954000,-0.002,0.300000,0.163260,4.470,7.24,-0.001582,0.003184,0.000000,-1.267570,0.003,0.600,-0.028371,0.053040,0.000000,-0.056743,0.000000,0.138857,1,50.29
0.956000,-0.001,0.300000,0.163260,4.470,7.24,0.001715,0.002353,0.000000,-1.324765,0.003,0.600,-0.028371,0.053040,0.000000,-0.056743,0.000000,0.138857,1,50.29
0.958000,-0.001,0.300000,0.163260,4.470,7.24,0.004946,0.001546,0.000000,-1.246007,0.002,0.600,-0.028371,0.053040,0.000000,-0.056743,0.000000,0.138857,1,50.29
0.960000,-0.000,0.300000,0.163260,4.470,7.24,0.008112,0.000762,0.000000,-0.819210,0.002,0.600,-0.028371,0.053040,0.000000,-0.056743,0.000000,0.138857,1,50.29
0.962000,-0.000,0.300000,0.163260,4.470,7.24,0.011215,0.000001,0.000000,-1.020598,0.002,0.600,-0.028371,0.053040,0.000000,-0.056743,0.000000,0.138857,1,50.29
0.964000,0.000,0.300000,0.163260,4.470,7.24,0.014256,-0.000737,0.000000,-1.285136,0.001,0.600,-0.028371,0.053040,0.000000,-0.056743,0.000000,0.138857,1,50.29
0.966000,0.001,0.300000,0.163260,4.470,7.24,0.017236,-0.001453,0.000000,-1.311188,0.001,0.600,-0.028371,0.053040,0.000000,-0.056743,0.000000,0.138857,1,50.29
0.968000,0.001,0.300000,0.163260,4.470,7.24,0.020157,-0.002146,0.000000,-1.004634,0.000,0.600,-0.028371,0.053040,0.000000,-0.056743,0.000000,0.138857,1,50.29
0.970000,0.001,0.300000,0.163260,4.470,7.24,0.023019,-0.002818,0.000000,-1.200149,0.000,0.600,-0.028371,0.053040,0.000000,-0.056743,0.000000,0.138857,1,50.29
0.972000,0.002,0.300000,0.163260,4.470,7.24,0.025824,-0.003468,0.000000,-0.955992,-0.000,0.600,-0.028371,0.053040,0.000000,-0.056743,0.000000,0.138857,1,50.29
0.974000,0.002,0.300000,0.163260,4.470,7.24,0.028573,-0.004096,0.000000,-0.861561,-0.001,0.600,-0.028371,0.053040,0.000000,-0.056743,0.000000,0.138857,1,50.29
0.976000,0.002,0.300000,0.163260,4.470,7.24,0.031266,-0.004703,0.000000,-0.512154,-0.001,0.600,-0.028371,0.053040,0.000000,-0.056743,0.000000,0.138857,1,50.29
0.978000,0.003,0.300000,0.163260,4.470,7.24,0.033906,-0.005289,0.000000,-0.652151,-0.001,0.600,-0.028371,0.053040,0.000000,-0.056743,0.000000,0.138857,1,50.29
0.980000,0.003,0.300000,0.163274,4.469,7.24,0.036493,-0.005854,0.000000,-0.710389,-0.002,0.600,-0.028402,0.053097,0.000000,-0.056804,0.000000,0.139008,1,50.85
0.982000,0.003,0.300000,0.163274,4.469,7.24,0.039029,-0.006398,0.000000,-0.961647,-0.002,0.600,-0.028402,0.053097,0.000000,-0.056804,0.000000,0.139008,1,50.85
0.984000,0.003,0.300000,0.163274,4.469,7.24,0.041514,-0.006922,0.000000,-0.749732,-0.002,0.600,-0.028402,0.053097,0.000000,-0.056804,0.000000,0.139008,1,50.85
0.986000,0.004,0.300000,0.163274,4.469,7.24,0.043949,-0.007424,0.000000,-0.869581,-0.003,0.600,-0.028402,0.053097,0.000000,-0.056804,0.000000,0.139008,1,50.85
0.988000,0.004,0.300000,0.163274,4.469,7.24,0.046336,-0.007907,0.000000,-0.919006,-0.003,0.600,-0.028402,0.053097,0.000000,-0.056804,0.000000,0.139008,1,50.85
0.990000,0.004,0.300000,0.163274,4.469,7.24,0.048675,-0.008369,0.000000,-0.874448,-0.003,0.600,-0.028402,0.053097,0.000000,-0.056804,0.000000,0.139008,1,50.85
0.992000,0.004,0.300000,0.163274,4.469,7.24,0.050967,-0.008811,0.000000,-0.642948,-0.003,0.600,-0.028402,0.053097,0.000000,-0.056804,0.000000,0.139008,1,50.85
0.994000,0.005,0.300000,0.163274,4.469,7.24,0.053213,-0.009233,0.000000,-0.652565,-0.004,0.600,-0.028402,0.053097,0.000000,-0.056804,0.000000,0.139008,1,50.85
0.996000,0.005,0.300000,0.163274,4.469,7.24,0.055414,-0.009636,0.000000,-0.681710,-0.004,0.600,-0.028402,0.053097,0.000000,-0.056804,0.000000,0.139008,1,50.85
0.998000,0.005,0.300000,0.163274,4.469,7.24,0.057571,-0.010019,0.000000,-0.621235,-0.004,0.600,-0.028402,0.053097,0.000000,-0.056804,0.000000,0.139008,1,50.85
1.000000,0.005,0.010682,0.018615,4.469,7.24,0.059686,-0.010383,0.000000,-0.000299,0.000,0.021,-0.028402,0.053097,0.000000,-0.056804,0.000000,0.139008,1,50.85
1.002000,0.005,0.087706,0.057127,4.469,7.24,0.061489,-0.010674,0.000000,-0.077032,0.000,0.175,-0.028402,0.053097,0.000000,-0.056804,0.000000,0.139008,1,50.85
1.004000,0.005,0.197138,0.111844,4.469,7.24,0.062992,-0.010887,0.000000,-0.186251,0.000,0.394,-0.028402,0.053097,0.000000,-0.056804,0.000000,0.139008,1,50.85
1.006000,0.006,0.269373,0.147961,4.469,7.24,0.064196,-0.011024,0.000000,-0.258348,0.000,0.539,-0.028402,0.053097,0.000000,-0.056804,0.000000,0.139008,1,50.85
1.008000,0.006,0.277165,0.151857,4.469,7.24,0.065671,-0.011207,0.000000,-0.265958,-0.005,0.554,-0.028402,0.053097,0.000000,-0.056804,0.000000,0.139008,1,50.85
1.010000,0.006,0.300000,0.163274,4.469,7.24,0.067394,-0.011438,0.000000,-0.331268,-0.005,0.600,-0.028402,0.053097,0.000000,-0.056804,0.000000,0.139008,1,50.85
1.012000,0.006,0.300000,0.163274,4.469,7.24,0.069311,-0.011705,0.000000,-0.375897,-0.005,0.600,-0.028402,0.053097,0.000000,-0.056804,0.000000,0.139008,1,50.85
1.014000,0.006,0.300000,0.163274,4.469,7.24,0.071191,-0.011957,0.000000,-0.375558,-0.006,0.600,-0.028402,0.053097,0.000000,-0.056804,0.000000,0.139008,1,50.85
1.016000,0.006,0.300000,0.163274,4.469,7.24,0.073032,-0.012190,0.000000,-0.307556,-0.006,0.600,-0.028402,0.053097,0.000000,-0.056804,0.000000,0.139008,1,50.85
1.018000,0.006,0.300000,0.163274,4.469,7.24,0.074837,-0.012405,0.000000,-0.361485,-0.006,0.600,-0.028402,0.053097,0.000000,-0.056804,0.000000,0.139008,1,50.85
1.020000,0.006,0.300000,0.163274,4.469,7.24,0.076606,-0.012603,0.000000,-0.382117,-0.006,0.600,-0.028402,0.053097,0.000000,-0.056804,0.000000,0.139008,1,50.85
1.022000,0.006,0.273894,0.150221,4.469,7.24,0.078339,-0.012783,0.000000,-0.261111,-0.006,0.548,-0.028402,0.053097,0.000000,-0.056804,0.000000,0.139008,1,50.85
1.024000,0.006,0.166520,0.096534,4.469,7.24,0.079778,-0.012889,0.000000,-0.153631,-0.006,0.333,-0.028402,0.053097,0.000000,-0.056804,0.000000,0.139008,1,50.85
1.026000,0.006,0.171981,0.099265,4.469,7.24,0.080926,-0.012921,0.000000,-0.159060,-0.006,0.344,-0.028402,0.053097,0.000000,-0.056804,0.000000,0.139008,1,50.85
1.028000,0.006,0.090865,0.058707,4.469,7.24,0.081785,-0.012881,0.000000,-0.077984,-0.006,0.182,-0.028402,0.053097,0.000000,-0.056804,0.000000,0.139008,1,50.85
1.030000,0.006,-0.043339,-0.008395,4.469,7.24,0.082357,-0.012768,0.000000,0.056107,-0.006,0.087,-0.028402,0.053097,0.000000,-0.056804,0.000000,0.139008,1,50.85
1.032000,0.006,-0.052126,-0.012789,4.469,7.24,0.082642,-0.012582,0.000000,0.064708,-0.006,0.104,-0.028402,0.053097,0.000000,-0.056804,0.000000,0.139008,1,50.85
1.034000,0.006,-0.125247,-0.049349,4.469,7.24,0.082641,-0.012324,0.000000,0.137571,-0.006,0.250,-0.028402,0.053097,0.000000,-0.056804,0.000000,0.139008,1,50.85
1.036000,0.006,-0.297108,-0.135280,4.469,7.24,0.082354,-0.011995,0.000000,0.309104,-0.006,0.594,-0.028402,0.053097,0.000000,-0.056804,0.000000,0.139008,1,50.85
1.038000,0.006,-0.300000,-0.136726,4.469,7.24,0.081816,-0.011606,0.000000,0.427845,-0.006,0.600,-0.028402,0.053097,0.000000,-0.056804,0.000000,0.139008,1,50.85
1.040000,0.006,-0.300000,-0.136408,4.456,7.24,0.081029,-0.011156,0.000000,0.400555,-0.006,0.600,-0.029082,0.054367,0.000000,-0.058163,0.000000,0.142333,1,50.81
1.042000,0.005,-0.300000,-0.136408,4.456,7.24,0.079989,-0.010647,0.000000,0.429345,-0.006,0.600,-0.029082,0.054367,0.000000,-0.058163,0.000000,0.142333,1,50.81
1.044000,0.005,-0.300000,-0.136408,4.456,7.23,0.078700,-0.010080,0.000000,0.573663,-0.006,0.600,-0.029082,0.054367,0.000000,-0.058163,0.000000,0.142333,1,50.81
1.046000,0.005,-0.300000,-0.136408,4.456,7.23,0.077164,-0.009456,0.000000,0.706738,-0.006,0.600,-0.029082,0.054367,0.000000,-0.058163,0.000000,0.142333,1,50.81
1.048000,0.004,-0.300000,-0.136408,4.456,7.23,0.075382,-0.008777,0.000000,0.591131,-0.006,0.600,-0.029082,0.054367,0.000000,-0.058163,0.000000,0.142333,1,50.81
1.050000,0.004,-0.300000,-0.136408,4.456,7.23,0.073354,-0.008043,0.000000,0.770436,-0.005,0.600,-0.029082,0.054367,0.000000,-0.058163,0.000000,0.142333,1,50.81
1.052000,0.004,-0.300000,-0.136408,4.456,7.22,0.071081,-0.007255,0.000000,1.093612,-0.005,0.600,-0.029082,0.054367,0.000000,-0.058163,0.000000,0.142333,1,50.81
1.054000,0.003,-0.300000,-0.136408,4.456,7.22,0.068562,-0.006416,0.000000,1.273268,-0.005,0.600,-0.029082,0.054367,0.000000,-0.058163,0.000000,0.142333,1,50.81
1.056000,0.003,-0.300000,-0.136408,4.456,7.22,0.065795,-0.005526,0.000000,1.014123,-0.004,0.600,-0.029082,0.054367,0.000000,-0.058163,0.000000,0.142333,1,50.81
1.058000,0.002,-0.300000,-0.136408,4.456,7.22,0.062779,-0.004589,0.000000,1.268780,-0.004,0.600,-0.029082,0.054367,0.000000,-0.058163,0.000000,0.142333,1,50.81
1.060000,0.002,-0.300000,-0.136408,4.456,7.22,0.059512,-0.003603,0.000000,1.536289,-0.004,0.600,-0.029082,0.054367,0.000000,-0.058163,0.000000,0.142333,1,50.81
1.062000,0.001,-0.300000,-0.136408,4.456,7.22,0.055994,-0.002567,0.000000,1.254839,-0.003,0.600,-0.029082,0.054367,0.000000,-0.058163,0.000000,0.142333,1,50.81
1.064000,0.001,-0.300000,-0.136408,4.456,7.22,0.052225,-0.001483,0.000000,0.886407,-0.003,0.600,-0.029082,0.054367,0.000000,-0.058163,0.000000,0.142333,1,50.81
1.066000,0.000,-0.300000,-0.136408,4.456,7.22,0.048453,-0.000396,0.000000,1.165101,-0.002,0.600,-0.029082,0.054367,0.000000,-0.058163,0.000000,0.142333,1,50.81
1.068000,-0.000,-0.300000,-0.136408,4.456,7.22,0.044755,0.000666,0.000000,1.390035,-0.002,0.600,-0.029082,0.054367,0.000000,-0.058163,0.000000,0.142333,1,50.81
1.070000,-0.001,-0.300000,-0.136408,4.456,7.22,0.041132,0.001701,0.000000,1.395207,-0.001,0.600,-0.029082,0.054367,0.000000,-0.058163,0.000000,0.142333,1,50.81
1.072000,-0.001,-0.300000,-0.136408,4.456,7.22,0.037581,0.002710,0.000000,1.318033,-0.001,0.600,-0.029082,0.054367,0.000000,-0.058163,0.000000,0.142333,1,50.81
1.074000,-0.002,-0.300000,-0.136408,4.456,7.22,0.034101,0.003694,0.000000,1.551182,-0.000,0.600,-0.029082,0.054367,0.000000,-0.058163,0.000000,0.142333,1,50.81
1.076000,-0.002,-0.300000,-0.136408,4.456,7.22,0.030691,0.004653,0.000000,1.630058,0.000,0.600,-0.029082,0.054367,0.000000,-0.058163,0.000000,0.142333,1,50.81
1.078000,-0.003,-0.300000,-0.136408,4.456,7.22,0.027349,0.005587,0.000000,1.580423,0.001,0.600,-0.029082,0.054367,0.000000,-0.058163,0.000000,0.142333,1,50.81
1.080000,-0.003,-0.300000,-0.136776,4.471,7.22,0.024074,0.006497,0.000000,1.135003,0.001,0.600,-0.028294,0.052895,0.000000,-0.056587,0.000000,0.138478,1,50.24
1.082000,-0.004,-0.300000,-0.136776,4.471,7.22,0.020856,0.007384,0.000000,1.197196,0.002,0.600,-0.028294,0.052895,0.000000,-0.056587,0.000000,0.138478,1,50.24
1.084000,-0.004,-0.300000,-0.136776,4.471,7.23,0.017704,0.008249,0.000000,1.240245,0.002,0.600,-0.028294,0.052895,0.000000,-0.056587,0.000000,0.138478,1,50.24
1.086000,-0.005,-0.300000,-0.136776,4.471,7.23,0.014614,0.009089,0.000000,1.161293,0.003,0.600,-0.028294,0.052895,0.000000,-0.056587,0.000000,0.138478,1,50.24
1.088000,-0.005,-0.300000,-0.136776,4.471,7.23,0.011586,0.009907,0.000000,0.733312,0.003,0.600,-0.028294,0.052895,0.000000,-0.056587,0.000000,0.138478,1,50.24
1.090000,-0.005,-0.300000,-0.136776,4.471,7.24,0.008619,0.010702,0.000000,0.884407,0.004,0.600,-0.028294,0.052895,0.000000,-0.056587,0.000000,0.138478,1,50.24
1.092000,-0.006,-0.300000,-0.136776,4.471,7.24,0.005711,0.011474,0.000000,1.138711,0.004,0.600,-0.028294,0.052895,0.000000,-0.056587,0.000000,0.138478,1,50.24
1.094000,-0.006,-0.300000,-0.136776,4.471,7.24,0.002861,0.012223,0.000000,1.222695,0.005,0.600,-0.028294,0.052895,0.000000,-0.056587,0.000000,0.138478,1,50.24
1.096000,-0.006,-0.300000,-0.136776,4.471,7.24,0.000068,0.012951,0.000000,0.940135,0.005,0.600,-0.028294,0.052895,0.000000,-0.056587,0.000000,0.138478,1,50.24
1.098000,-0.007,-0.300000,-0.136776,4.471,7.24,-0.002669,0.013657,0.000000,1.124554,0.005,0.600,-0.028294,0.052895,0.000000,-0.056587,0.000000,0.138478,1,50.24
1.100000,-0.007,-0.014736,0.005856,4.471,7.24,-0.005351,0.014342,0.000000,0.000394,0.000,0.029,-0.028294,0.052895,0.000000,-0.056587,0.000000,0.138478,1,50.24
1.102000,-0.007,-0.284552,-0.129052,4.471,7.24,-0.007748,0.014954,0.000000,0.269598,0.000,0.569,-0.028294,0.052895,0.000000,-0.056587,0.000000,0.138478,1,50.24
1.104000,-0.008,-0.300000,-0.136776,4.471,7.24,-0.010174,0.015561,0.000000,0.286263,0.000,0.600,-0.028294,0.052895,0.000000,-0.056587,0.000000,0.138478,1,50.24
1.106000,-0.008,-0.300000,-0.136776,4.471,7.24,-0.012706,0.016183,0.000000,0.455610,0.000,0.600,-0.028294,0.052895,0.000000,-0.056587,0.000000,0.138478,1,50.24
1.108000,-0.008,-0.300000,-0.136776,4.471,7.24,-0.015187,0.016785,0.000000,0.790480,0.007,0.600,-0.028294,0.052895,0.000000,-0.056587,0.000000,0.138478,1,50.24
1.110000,-0.009,-0.300000,-0.136776,4.471,7.24,-0.017619,0.017368,0.000000,1.099447,0.007,0.600,-0.028294,0.052895,0.000000,-0.056587,0.000000,0.138478,1,50.24
1.112000,-0.009,-0.300000,-0.136776,4.471,7.24,-0.020002,0.017929,0.000000,0.857917,0.008,0.600,-0.028294,0.052895,0.000000,-0.056587,0.000000,0.138478,1,50.24
1.114000,-0.009,-0.300000,-0.136776,4.471,7.24,-0.022338,0.018471,0.000000,0.997958,0.008,0.600,-0.028294,0.052895,0.000000,-0.056587,0.000000,0.138478,1,50.24
1.116000,-0.009,-0.300000,-0.136776,4.471,7.24,-0.024627,0.018992,0.000000,1.074691,0.008,0.600,-0.028294,0.052895,0.000000,-0.056587,0.000000,0.138478,1,50.24
1.118000,-0.010,-0.300000,-0.136776,4.471,7.24,-0.026870,0.019493,0.000000,0.966297,0.009,0.600,-0.028294,0.052895,0.000000,-0.056587,0.000000,0.138478,1,50.24
1.120000,-0.010,-0.300000,-0.136776,4.471,7.24,-0.029068,0.019975,0.000000,0.666882,0.009,0.600,-0.028294,0.052895,0.000000,-0.056587,0.000000,0.138478,1,50.24
1.122000,-0.010,-0.300000,-0.136776,4.471,7.24,-0.031222,0.020437,0.000000,0.640155,0.009,0.600,-0.028294,0.052895,0.000000,-0.056587,0.000000,0.138478,1,50.24
1.124000,-0.010,-0.300000,-0.136776,4.471,7.24,-0.033333,0.020880,0.000000,0.494036,0.009,0.600,-0.028294,0.052895,0.000000,-0.056587,0.000000,0.138478,1,50.24
1.126000,-0.011,-0.300000,-0.136776,4.471,7.24,-0.035402,0.021303,0.000000,0.390458,0.010,0.600,-0.028294,0.052895,0.000000,-0.056587,0.000000,0.138478,1,50.24
1.128000,-0.011,-0.201052,-0.087303,4.471,7.24,-0.037430,0.021708,0.000000,0.179344,0.010,0.402,-0.028294,0.052895,0.000000,-0.056587,0.000000,0.138478,1,50.24
1.130000,-0.011,-0.284769,-0.129161,4.471,7.24,-0.039173,0.022040,0.000000,0.262729,0.010,0.570,-0.028294,0.052895,0.000000,-0.056587,0.000000,0.138478,1,50.24
1.132000,-0.011,-0.300000,-0.136776,4.471,7.24,-0.040972,0.022373,0.000000,0.414327,0.010,0.600,-0.028294,0.052895,0.000000,-0.056587,0.000000,0.138478,1,50.24
1.134000,-0.011,-0.300000,-0.136776,4.471,7.24,-0.042888,0.022723,0.000000,0.588037,0.011,0.600,-0.028294,0.052895,0.000000,-0.056587,0.000000,0.138478,1,50.24
1.136000,-0.012,-0.300000,-0.136776,4.471,7.24,-0.044766,0.023056,0.000000,0.462157,0.011,0.600,-0.028294,0.052895,0.000000,-0.056587,0.000000,0.138478,1,50.24
1.138000,-0.012,-0.300000,-0.136776,4.471,7.24,-0.046606,0.023372,0.000000,0.538862,0.011,0.600,-0.028294,0.052895,0.000000,-0.056587,0.000000,0.138478,1,50.24
1.140000,-0.012,-0.300000,-0.137048,4.482,7.24,-0.048410,0.023669,0.000000,0.572399,0.011,0.600,-0.027713,0.051809,0.000000,-0.055426,0.000000,0.135636,1,50.37
1.142000,-0.012,-0.300000,-0.137048,4.482,7.25,-0.050183,0.023950,0.000000,0.559235,0.011,0.600,-0.027713,0.051809,0.000000,-0.055426,0.000000,0.135636,1,50.37
1.144000,-0.012,-0.300000,-0.137048,4.482,7.25,-0.051920,0.024213,0.000000,0.388920,0.012,0.600,-0.027713,0.051809,0.000000,-0.055426,0.000000,0.135636,1,50.37
1.146000,-0.012,-0.300000,-0.137048,4.482,7.25,-0.053623,0.024458,0.000000,0.390372,0.012,0.600,-0.027713,0.051809,0.000000,-0.055426,0.000000,0.135636,1,50.37
1.148000,-0.012,-0.300000,-0.137048,4.482,7.25,-0.055291,0.024686,0.000000,0.413375,0.012,0.600,-0.027713,0.051809,0.000000,-0.055426,0.000000,0.135636,1,50.37
1.150000,-0.012,-0.300000,-0.137048,4.482,7.25,-0.056926,0.024897,0.000000,0.391223,0.012,0.600,-0.027713,0.051809,0.000000,-0.055426,0.000000,0.135636,1,50.37
1.152000,-0.013,-0.284545,-0.129320,4.482,7.26,-0.058529,0.025091,0.000000,0.259454,0.012,0.569,-0.027713,0.051809,0.000000,-0.055426,0.000000,0.135636,1,50.37
1.154000,-0.013,-0.300000,-0.137048,4.482,7.26,-0.059945,0.025234,0.000000,0.289533,0.012,0.600,-0.027713,0.051809,0.000000,-0.055426,0.000000,0.135636,1,50.37
1.156000,-0.013,-0.300000,-0.137048,4.482,7.26,-0.061487,0.025394,0.000000,0.343667,0.012,0.600,-0.027713,0.051809,0.000000,-0.055426,0.000000,0.135636,1,50.37
1.158000,-0.013,-0.300000,-0.137048,4.482,7.26,-0.062998,0.025538,0.000000,0.297291,0.012,0.600,-0.027713,0.051809,0.000000,-0.055426,0.000000,0.135636,1,50.37
1.160000,-0.013,-0.224921,-0.099508,4.482,7.26,-0.064479,0.025667,0.000000,0.199254,0.013,0.450,-0.027713,0.051809,0.000000,-0.055426,0.000000,0.135636,1,50.37
1.162000,-0.013,-0.234350,-0.104223,4.482,7.26,-0.065674,0.025722,0.000000,0.208628,0.013,0.469,-0.027713,0.051809,0.000000,-0.055426,0.000000,0.135636,1,50.37
1.164000,-0.013,-0.182463,-0.078279,4.482,7.26,-0.066589,0.025703,0.000000,0.156759,0.013,0.365,-0.027713,0.051809,0.000000,-0.055426,0.000000,0.135636,1,50.37
1.166000,-0.013,-0.069683,-0.021889,4.482,7.26,-0.067223,0.025611,0.000000,0.044071,0.013,0.139,-0.027713,0.051809,0.000000,-0.055426,0.000000,0.135636,1,50.37
1.168000,-0.013,0.007748,0.016826,4.482,7.26,-0.067576,0.025447,0.000000,-0.033194,0.013,0.015,-0.027713,0.051809,0.000000,-0.055426,0.000000,0.135636,1,50.37
1.170000,-0.013,0.029585,0.027745,4.482,7.26,-0.067646,0.025209,0.000000,-0.054794,0.013,0.059,-0.027713,0.051809,0.000000,-0.055426,0.000000,0.135636,1,50.37
1.172000,-0.012,0.149965,0.087935,4.482,7.26,-0.067430,0.024901,0.000000,-0.174865,0.013,0.300,-0.027713,0.051809,0.000000,-0.055426,0.000000,0.135636,1,50.37
1.174000,-0.012,0.143423,0.084664,4.482,7.26,-0.066937,0.024522,0.000000,-0.167945,0.013,0.287,-0.027713,0.051809,0.000000,-0.055426,0.000000,0.135636,1,50.37
1.176000,-0.012,0.116308,0.071106,4.482,7.26,-0.066163,0.024076,0.000000,-0.140383,0.013,0.233,-0.027713,0.051809,0.000000,-0.055426,0.000000,0.135636,1,50.37
1.178000,-0.012,0.249917,0.137911,4.482,7.26,-0.065111,0.023561,0.000000,-0.273479,0.013,0.500,-0.027713,0.051809,0.000000,-0.055426,0.000000,0.135636,1,50.37
1.180000,-0.011,0.300000,0.163421,4.463,7.26,-0.063778,0.022980,0.000000,-0.446086,0.012,0.600,-0.028716,0.053685,0.000000,-0.057433,0.000000,0.140546,1,50.41
1.182000,-0.011,0.300000,0.163421,4.463,7.25,-0.062159,0.022332,0.000000,-0.606874,0.012,0.600,-0.028716,0.053685,0.000000,-0.057433,0.000000,0.140546,1,50.41
1.184000,-0.011,0.300000,0.163421,4.463,7.25,-0.060261,0.021620,0.000000,-0.626184,0.012,0.600,-0.028716,0.053685,0.000000,-0.057433,0.000000,0.140546,1,50.41
1.186000,-0.010,0.300000,0.163421,4.463,7.25,-0.058083,0.020843,0.000000,-0.667875,0.012,0.600,-0.028716,0.053685,0.000000,-0.057433,0.000000,0.140546,1,50.41
1.188000,-0.010,0.300000,0.163421,4.463,7.24,-0.055625,0.020004,0.000000,-0.763216,0.011,0.600,-0.028716,0.053685,0.000000,-0.057433,0.000000,0.140546,1,50.41
1.190000,-0.010,0.300000,0.163421,4.463,7.24,-0.052887,0.019103,0.000000,-0.933456,0.011,0.600,-0.028716,0.053685,0.000000,-0.057433,0.000000,0.140546,1,50.41
1.192000,-0.009,0.300000,0.163421,4.463,7.24,-0.049871,0.018141,0.000000,-0.694606,0.011,0.600,-0.028716,0.053685,0.000000,-0.057433,0.000000,0.140546,1,50.41
1.194000,-0.009,0.300000,0.163421,4.463,7.24,-0.046576,0.017121,0.000000,-0.964951,0.010,0.600,-0.028716,0.053685,0.000000,-0.057433,0.000000,0.140546,1,50.41
1.196000,-0.008,0.300000,0.163421,4.463,7.24,-0.043002,0.016042,0.000000,-1.420856,0.010,0.600,-0.028716,0.053685,0.000000,-0.057433,0.000000,0.140546,1,50.41
1.198000,-0.007,0.300000,0.163421,4.463,7.23,-0.039150,0.014906,0.000000,-1.645800,0.010,0.600,-0.028716,0.053685,0.000000,-0.057433,0.000000,0.140546,1,50.41
1.200000,-0.007,-0.014094,0.006374,4.463,7.23,-0.035099,0.013731,0.000000,0.000363,0.000,0.028,-0.028716,0.053685,0.000000,-0.057433,0.000000,0.140546,1,50.41
1.202000,-0.006,0.032464,0.029653,4.463,7.23,-0.031369,0.012629,0.000000,-0.045093,0.000,0.065,-0.028716,0.053685,0.000000,-0.057433,0.000000,0.140546,1,50.41
1.204000,-0.006,0.300000,0.163421,4.463,7.23,-0.027939,0.011607,0.000000,-0.397502,0.000,0.600,-0.028716,0.053685,0.000000,-0.057433,0.000000,0.140546,1,50.41
1.206000,-0.005,0.300000,0.163421,4.463,7.23,-0.024218,0.010537,0.000000,-0.929864,0.000,0.600,-0.028716,0.053685,0.000000,-0.057433,0.000000,0.140546,1,50.41
1.208000,-0.005,0.300000,0.163421,4.463,7.23,-0.020466,0.009467,0.000000,-0.967689,0.007,0.600,-0.028716,0.053685,0.000000,-0.057433,0.000000,0.140546,1,50.41
1.210000,-0.004,0.300000,0.163421,4.463,7.23,-0.016788,0.008419,0.000000,-1.273561,0.006,0.600,-0.028716,0.053685,0.000000,-0.057433,0.000000,0.140546,1,50.41
1.212000,-0.004,0.300000,0.163421,4.463,7.23,-0.013184,0.007398,0.000000,-1.754246,0.006,0.600,-0.028716,0.053685,0.000000,-0.057433,0.000000,0.140546,1,50.41
1.214000,-0.003,0.300000,0.163421,4.463,7.23,-0.009651,0.006404,0.000000,-1.899816,0.005,0.600,-0.028716,0.053685,0.000000,-0.057433,0.000000,0.140546,1,50.41
1.216000,-0.003,0.300000,0.163421,4.463,7.23,-0.006190,0.005438,0.000000,-1.414083,0.005,0.600,-0.028716,0.053685,0.000000,-0.057433,0.000000,0.140546,1,50.41
1.218000,-0.002,0.300000,0.163421,4.463,7.23,-0.002798,0.004499,0.000000,-1.666869,0.004,0.600,-0.028716,0.053685,0.000000,-0.057433,0.000000,0.140546,1,50.41
1.220000,-0.002,0.300000,0.163421,4.463,7.23,0.000527,0.003586,0.000000,-1.694859,0.004,0.600,-0.028716,0.053685,0.000000,-0.057433,0.000000,0.140546,1,50.41
1.222000,-0.001,0.300000,0.163421,4.463,7.23,0.003785,0.002699,0.000000,-1.537619,0.003,0.600,-0.028716,0.053685,0.000000,-0.057433,0.000000,0.140546,1,50.41
1.224000,-0.001,0.300000,0.163421,4.463,7.23,0.006978,0.001837,0.000000,-1.041291,0.003,0.600,-0.028716,0.053685,0.000000,-0.057433,0.000000,0.140546,1,50.41
1.226000,-0.000,0.300000,0.163421,4.463,7.23,0.010106,0.000998,0.000000,-1.006673,0.002,0.600,-0.028716,0.053685,0.000000,-0.057433,0.000000,0.140546,1,50.41
1.228000,-0.000,0.300000,0.163421,4.463,7.23,0.013173,0.000184,0.000000,-0.972419,0.002,0.600,-0.028716,0.053685,0.000000,-0.057433,0.000000,0.140546,1,50.41
1.230000,0.000,0.300000,0.163421,4.463,7.23,0.016178,-0.000607,0.000000,-1.029123,0.001,0.600,-0.028716,0.053685,0.000000,-0.057433,0.000000,0.140546,1,50.41
1.232000,0.001,0.300000,0.163421,4.463,7.23,0.019123,-0.001375,0.000000,-0.680103,0.001,0.600,-0.028716,0.053685,0.000000,-0.057433,0.000000,0.140546,1,50.41
1.234000,0.001,0.300000,0.163421,4.463,7.23,0.022009,-0.002120,0.000000,-0.883313,0.000,0.600,-0.028716,0.053685,0.000000,-0.057433,0.000000,0.140546,1,50.41
1.236000,0.001,0.300000,0.163421,4.463,7.23,0.024837,-0.002842,0.000000,-1.203745,0.000,0.600,-0.028716,0.053685,0.000000,-0.057433,0.000000,0.140546,1,50.41
1.238000,0.002,0.300000,0.163421,4.463,7.23,0.027609,-0.003542,0.000000,-1.288007,-0.000,0.600,-0.028716,0.053685,0.000000,-0.057433,0.000000,0.140546,1,50.41
1.240000,0.002,0.300000,0.163157,4.474,7.23,0.030325,-0.004220,0.000000,-0.927952,-0.001,0.600,-0.028151,0.052628,0.000000,-0.056303,0.000000,0.137781,1,50.09
1.242000,0.002,0.300000,0.163157,4.474,7.23,0.032982,-0.004874,0.000000,-0.939074,-0.001,0.600,-0.028151,0.052628,0.000000,-0.056303,0.000000,0.137781,1,50.09
1.244000,0.003,0.300000,0.163157,4.474,7.24,0.035585,-0.005506,0.000000,-0.965187,-0.001,0.600,-0.028151,0.052628,0.000000,-0.056303,0.000000,0.137781,1,50.09
1.246000,0.003,0.300000,0.163157,4.474,7.24,0.038137,-0.006116,0.000000,-0.882266,-0.002,0.600,-0.028151,0.052628,0.000000,-0.056303,0.000000,0.137781,1,50.09
1.248000,0.003,0.300000,0.163157,4.474,7.24,0.040637,-0.006705,0.000000,-0.562348,-0.002,0.600,-0.028151,0.052628,0.000000,-0.056303,0.000000,0.137781,1,50.09
1.250000,0.004,0.300000,0.163157,4.474,7.24,0.043088,-0.007272,0.000000,-0.683817,-0.002,0.600,-0.028151,0.052628,0.000000,-0.056303,0.000000,0.137781,1,50.09
1.252000,0.004,0.300000,0.163157,4.474,7.24,0.045489,-0.007818,0.000000,-0.893526,-0.003,0.600,-0.028151,0.052628,0.000000,-0.056303,0.000000,0.137781,1,50.09
1.254000,0.004,0.300000,0.163157,4.474,7.24,0.047843,-0.008343,0.000000,-0.890356,-0.003,0.600,-0.028151,0.052628,0.000000,-0.056303,0.000000,0.137781,1,50.09
1.256000,0.004,0.300000,0.163157,4.474,7.24,0.050149,-0.008847,0.000000,-0.663250,-0.003,0.600,-0.028151,0.052628,0.000000,-0.056303,0.000000,0.137781,1,50.09
1.258000,0.005,0.300000,0.163157,4.474,7.24,0.052409,-0.009331,0.000000,-0.770268,-0.004,0.600,-0.028151,0.052628,0.000000,-0.056303,0.000000,0.137781,1,50.09
1.260000,0.005,0.300000,0.163157,4.474,7.25,0.054624,-0.009794,0.000000,-0.770974,-0.004,0.600,-0.028151,0.052628,0.000000,-0.056303,0.000000,0.137781,1,50.09
1.262000,0.005,0.300000,0.163157,4.474,7.25,0.056795,-0.010237,0.000000,-0.721360,-0.004,0.600,-0.028151,0.052628,0.000000,-0.056303,0.000000,0.137781,1,50.09
1.264000,0.005,0.300000,0.163157,4.474,7.25,0.058922,-0.010660,0.000000,-0.502830,-0.004,0.600,-0.028151,0.052628,0.000000,-0.056303,0.000000,0.137781,1,50.09
1.266000,0.006,0.300000,0.163157,4.474,7.25,0.061007,-0.011063,0.000000,-0.603271,-0.005,0.600,-0.028151,0.052628,0.000000,-0.056303,0.000000,0.137781,1,50.09
1.268000,0.006,0.300000,0.163157,4.474,7.25,0.063050,-0.011447,0.000000,-0.647426,-0.005,0.600,-0.028151,0.052628,0.000000,-0.056303,0.000000,0.137781,1,50.09
1.270000,0.006,0.300000,0.163157,4.474,7.25,0.065052,-0.011811,0.000000,-0.658277,-0.005,0.600,-0.028151,0.052628,0.000000,-0.056303,0.000000,0.137781,1,50.09
1.272000,0.006,0.300000,0.163157,4.474,7.25,0.067014,-0.012156,0.000000,-0.480620,-0.005,0.600,-0.028151,0.052628,0.000000,-0.056303,0.000000,0.137781,1,50.09
1.274000,0.006,0.300000,0.163157,4.474,7.25,0.068937,-0.012482,0.000000,-0.472061,-0.006,0.600,-0.028151,0.052628,0.000000,-0.056303,0.000000,0.137781,1,50.09
1.276000,0.006,0.300000,0.163157,4.474,7.25,0.070822,-0.012789,0.000000,-0.474302,-0.006,0.600,-0.028151,0.052628,0.000000,-0.056303,0.000000,0.137781,1,50.09
1.278000,0.007,0.300000,0.163157,4.474,7.25,0.072668,-0.013077,0.000000,-0.422141,-0.006,0.600,-0.028151,0.052628,0.000000,-0.056303,0.000000,0.137781,1,50.09
1.280000,0.007,0.283042,0.155293,4.449,7.25,0.074478,-0.013347,0.000000,-0.269695,-0.006,0.566,-0.029466,0.055087,0.000000,-0.058933,0.000000,0.144217,1,50.03
1.282000,0.007,0.300000,0.163772,4.449,7.24,0.076095,-0.013564,0.000000,-0.316110,-0.006,0.600,-0.029466,0.055087,0.000000,-0.058933,0.000000,0.144217,1,50.03
1.284000,0.007,0.300000,0.163772,4.449,7.23,0.077848,-0.013801,0.000000,-0.425465,-0.006,0.600,-0.029466,0.055087,0.000000,-0.058933,0.000000,0.144217,1,50.03
1.286000,0.007,0.300000,0.163772,4.449,7.23,0.079567,-0.014022,0.000000,-0.407949,-0.007,0.600,-0.029466,0.055087,0.000000,-0.058933,0.000000,0.144217,1,50.03
1.288000,0.007,0.300000,0.163772,4.449,7.22,0.081251,-0.014224,0.000000,-0.298933,-0.007,0.600,-0.029466,0.055087,0.000000,-0.058933,0.000000,0.144217,1,50.03
1.290000,0.007,0.300000,0.163772,4.449,7.22,0.082901,-0.014410,0.000000,-0.347534,-0.007,0.600,-0.029466,0.055087,0.000000,-0.058933,0.000000,0.144217,1,50.03
1.292000,0.007,0.300000,0.163772,4.449,7.22,0.084519,-0.014577,0.000000,-0.379060,-0.007,0.600,-0.029466,0.055087,0.000000,-0.058933,0.000000,0.144217,1,50.03
1.294000,0.007,0.300000,0.163772,4.449,7.22,0.086104,-0.014728,0.000000,-0.350350,-0.007,0.600,-0.029466,0.055087,0.000000,-0.058933,0.000000,0.144217,1,50.03
1.296000,0.007,0.265094,0.146319,4.449,7.21,0.087657,-0.014861,0.000000,-0.250232,-0.007,0.530,-0.029466,0.055087,0.000000,-0.058933,0.000000,0.144217,1,50.03
1.298000,0.007,0.258263,0.142903,4.449,7.21,0.088881,-0.014912,0.000000,-0.243351,-0.007,0.517,-0.029466,0.055087,0.000000,-0.058933,0.000000,0.144217,1,50.03
1.300000,0.007,0.015298,0.021421,4.449,7.21,0.089962,-0.014918,0.000000,-0.000379,0.000,0.031,-0.029466,0.055087,0.000000,-0.058933,0.000000,0.144217,1,50.03
1.302000,0.007,-0.028443,-0.000450,4.449,7.21,0.090712,-0.014844,0.000000,0.043287,0.000,0.057,-0.029466,0.055087,0.000000,-0.058933,0.000000,0.144217,1,50.03
1.304000,0.007,-0.034695,-0.003576,4.449,7.21,0.091138,-0.014686,0.000000,0.049381,0.000,0.069,-0.029466,0.055087,0.000000,-0.058933,0.000000,0.144217,1,50.03
1.306000,0.007,-0.105056,-0.038756,4.449,7.21,0.091242,-0.014445,0.000000,0.119501,0.000,0.210,-0.029466,0.055087,0.000000,-0.058933,0.000000,0.144217,1,50.03
1.308000,0.007,-0.256592,-0.114524,4.449,7.21,0.091021,-0.014123,0.000000,0.270715,-0.007,0.513,-0.029466,0.055087,0.000000,-0.058933,0.000000,0.144217,1,50.03
1.310000,0.007,-0.300000,-0.136228,4.449,7.21,0.090512,-0.013729,0.000000,0.481169,-0.007,0.600,-0.029466,0.055087,0.000000,-0.058933,0.000000,0.144217,1,50.03
1.312000,0.007,-0.300000,-0.136228,4.449,7.21,0.089712,-0.013263,0.000000,0.458593,-0.007,0.600,-0.029466,0.055087,0.000000,-0.058933,0.000000,0.144217,1,50.03
1.314000,0.006,-0.300000,-0.136228,4.449,7.21,0.088618,-0.012728,0.000000,0.609156,-0.007,0.600,-0.029466,0.055087,0.000000,-0.058933,0.000000,0.144217,1,50.03
1.316000,0.006,-0.300000,-0.136228,4.449,7.21,0.087231,-0.012123,0.000000,0.858102,-0.007,0.600,-0.029466,0.055087,0.000000,-0.058933,0.000000,0.144217,1,50.03
1.318000,0.006,-0.300000,-0.136228,4.449,7.21,0.085549,-0.011450,0.000000,1.076178,-0.007,0.600,-0.029466,0.055087,0.000000,-0.058933,0.000000,0.144217,1,50.03
1.320000,0.005,-0.300000,-0.136228,4.449,7.21,0.083572,-0.010710,0.000000,0.904870,-0.007,0.600,-0.029466,0.055087,0.000000,-0.058933,0.000000,0.144217,1,50.03
1.322000,0.005,-0.300000,-0.136228,4.449,7.21,0.081300,-0.009903,0.000000,0.944145,-0.006,0.600,-0.029466,0.055087,0.000000,-0.058933,0.000000,0.144217,1,50.03
1.324000,0.005,-0.300000,-0.136228,4.449,7.21,0.078732,-0.009031,0.000000,0.789289,-0.006,0.600,-0.029466,0.055087,0.000000,-0.058933,0.000000,0.144217,1,50.03
1.326000,0.004,-0.300000,-0.136228,4.449,7.21,0.075869,-0.008095,0.000000,0.492737,-0.006,0.600,-0.029466,0.055087,0.000000,-0.058933,0.000000,0.144217,1,50.03
1.328000,0.004,-0.144373,-0.058415,4.449,7.21,0.072707,-0.007097,0.000000,0.151471,-0.005,0.289,-0.029466,0.055087,0.000000,-0.058933,0.000000,0.144217,1,50.03
1.330000,0.003,-0.300000,-0.136228,4.449,7.21,0.069933,-0.006178,0.000000,0.365146,-0.005,0.600,-0.029466,0.055087,0.000000,-0.058933,0.000000,0.144217,1,50.03
1.332000,0.003,-0.300000,-0.136228,4.449,7.21,0.066825,-0.005206,0.000000,0.706695,-0.005,0.600,-0.029466,0.055087,0.000000,-0.058933,0.000000,0.144217,1,50.03
1.334000,0.002,-0.300000,-0.136228,4.449,7.21,0.063409,-0.004176,0.000000,1.119393,-0.004,0.600,-0.029466,0.055087,0.000000,-0.058933,0.000000,0.144217,1,50.03
1.336000,0.002,-0.300000,-0.136228,4.449,7.21,0.059686,-0.003085,0.000000,1.147202,-0.004,0.600,-0.029466,0.055087,0.000000,-0.058933,0.000000,0.144217,1,50.03
1.338000,0.001,-0.300000,-0.136228,4.449,7.21,0.055768,-0.001958,0.000000,1.409922,-0.003,0.600,-0.029466,0.055087,0.000000,-0.058933,0.000000,0.144217,1,50.03
1.340000,0.000,-0.300000,-0.136273,4.451,7.21,0.051928,-0.000845,0.000000,1.686305,-0.003,0.600,-0.029371,0.054909,0.000000,-0.058742,0.000000,0.143750,1,50.13
1.342000,-0.000,-0.300000,-0.136273,4.451,7.21,0.048164,0.000241,0.000000,1.716674,-0.002,0.600,-0.029371,0.054909,0.000000,-0.058742,0.000000,0.143750,1,50.13
1.344000,-0.001,-0.300000,-0.136273,4.451,7.21,0.044475,0.001301,0.000000,1.322787,-0.002,0.600,-0.029371,0.054909,0.000000,-0.058742,0.000000,0.143750,1,50.13
1.346000,-0.001,-0.300000,-0.136273,4.451,7.21,0.040860,0.002335,0.000000,1.535607,-0.001,0.600,-0.029371,0.054909,0.000000,-0.058742,0.000000,0.143750,1,50.13
1.348000,-0.002,-0.300000,-0.136273,4.451,7.21,0.037317,0.003342,0.000000,1.592341,-0.000,0.600,-0.029371,0.054909,0.000000,-0.058742,0.000000,0.143750,1,50.13
1.350000,-0.002,-0.300000,-0.136273,4.451,7.21,0.033845,0.004325,0.000000,1.412095,0.000,0.600,-0.029371,0.054909,0.000000,-0.058742,0.000000,0.143750,1,50.13
1.352000,-0.003,-0.300000,-0.136273,4.451,7.21,0.030443,0.005282,0.000000,0.997947,0.001,0.600,-0.029371,0.054909,0.000000,-0.058742,0.000000,0.143750,1,50.13
1.354000,-0.003,-0.300000,-0.136273,4.451,7.21,0.027109,0.006215,0.000000,0.994216,0.001,0.600,-0.029371,0.054909,0.000000,-0.058742,0.000000,0.143750,1,50.13
1.356000,-0.004,-0.300000,-0.136273,4.451,7.21,0.023841,0.007123,0.000000,0.980276,0.002,0.600,-0.029371,0.054909,0.000000,-0.058742,0.000000,0.143750,1,50.13
1.358000,-0.004,-0.300000,-0.136273,4.451,7.21,0.020639,0.008008,0.000000,0.704099,0.002,0.600,-0.029371,0.054909,0.000000,-0.058742,0.000000,0.143750,1,50.13
1.360000,-0.004,-0.300000,-0.136273,4.451,7.21,0.017500,0.008869,0.000000,0.387523,0.003,0.600,-0.029371,0.054909,0.000000,-0.058742,0.000000,0.143750,1,50.13
1.362000,-0.005,-0.300000,-0.136273,4.451,7.21,0.014425,0.009706,0.000000,0.591062,0.003,0.600,-0.029371,0.054909,0.000000,-0.058742,0.000000,0.143750,1,50.13
1.364000,-0.005,-0.300000,-0.136273,4.451,7.21,0.011411,0.010520,0.000000,0.922655,0.004,0.600,-0.029371,0.054909,0.000000,-0.058742,0.000000,0.143750,1,50.13
1.366000,-0.006,-0.300000,-0.136273,4.451,7.21,0.008457,0.011311,0.000000,1.012791,0.004,0.600,-0.029371,0.054909,0.000000,-0.058742,0.000000,0.143750,1,50.13
1.368000,-0.006,-0.300000,-0.136273,4.451,7.21,0.005562,0.012080,0.000000,0.975102,0.004,0.600,-0.029371,0.054909,0.000000,-0.058742,0.000000,0.143750,1,50.13
1.370000,-0.006,-0.300000,-0.136273,4.451,7.21,0.002725,0.012826,0.000000,0.990181,0.005,0.600,-0.029371,0.054909,0.000000,-0.058742,0.000000,0.143750,1,50.13
1.372000,-0.007,-0.300000,-0.136273,4.451,7.21,-0.000055,0.013550,0.000000,0.903858,0.005,0.600,-0.029371,0.054909,0.000000,-0.058742,0.000000,0.143750,1,50.13
1.374000,-0.007,-0.300000,-0.136273,4.451,7.21,-0.002779,0.014253,0.000000,0.556902,0.006,0.600,-0.029371,0.054909,0.000000,-0.058742,0.000000,0.143750,1,50.13
1.376000,-0.007,-0.255857,-0.114201,4.451,7.21,-0.005449,0.014933,0.000000,0.240924,0.006,0.512,-0.029371,0.054909,0.000000,-0.058742,0.000000,0.143750,1,50.13
1.378000,-0.008,-0.300000,-0.136273,4.451,7.21,-0.007769,0.015528,0.000000,0.362058,0.006,0.600,-0.029371,0.054909,0.000000,-0.058742,0.000000,0.143750,1,50.13
1.380000,-0.008,-0.300000,-0.137177,4.487,7.21,-0.010339,0.016166,0.000000,0.613280,0.007,0.600,-0.027437,0.051293,0.000000,-0.054874,0.000000,0.134285,1,49.92
1.382000,-0.008,-0.300000,-0.137177,4.487,7.22,-0.012876,0.016789,0.000000,0.726443,0.007,0.600,-0.027437,0.051293,0.000000,-0.054874,0.000000,0.134285,1,49.92
1.384000,-0.009,-0.300000,-0.137177,4.487,7.23,-0.015362,0.017392,0.000000,0.755023,0.007,0.600,-0.027437,0.051293,0.000000,-0.054874,0.000000,0.134285,1,49.92
1.386000,-0.009,-0.300000,-0.137177,4.487,7.24,-0.017798,0.017974,0.000000,0.902094,0.008,0.600,-0.027437,0.051293,0.000000,-0.054874,0.000000,0.134285,1,49.92
1.388000,-0.009,-0.300000,-0.137177,4.487,7.24,-0.020186,0.018535,0.000000,0.981595,0.008,0.600,-0.027437,0.051293,0.000000,-0.054874,0.000000,0.134285,1,49.92
1.390000,-0.010,-0.300000,-0.137177,4.487,7.25,-0.022526,0.019075,0.000000,0.990658,0.008,0.600,-0.027437,0.051293,0.000000,-0.054874,0.000000,0.134285,1,49.92
1.392000,-0.010,-0.300000,-0.137177,4.487,7.25,-0.024819,0.019596,0.000000,0.768800,0.009,0.600,-0.027437,0.051293,0.000000,-0.054874,0.000000,0.134285,1,49.92
1.394000,-0.010,-0.300000,-0.137177,4.487,7.26,-0.027066,0.020096,0.000000,0.775672,0.009,0.600,-0.027437,0.051293,0.000000,-0.054874,0.000000,0.134285,1,49.92
1.396000,-0.010,-0.300000,-0.137177,4.487,7.26,-0.029268,0.020577,0.000000,0.790107,0.009,0.600,-0.027437,0.051293,0.000000,-0.054874,0.000000,0.134285,1,49.92
1.398000,-0.011,-0.300000,-0.137177,4.487,7.26,-0.031426,0.021038,0.000000,0.770305,0.010,0.600,-0.027437,0.051293,0.000000,-0.054874,0.000000,0.134285,1,49.92
1.400000,-0.011,-0.022005,0.001821,4.487,7.26,-0.033542,0.021480,0.000000,0.000525,0.000,0.044,-0.027437,0.051293,0.000000,-0.054874,0.000000,0.134285,1,49.92
1.402000,-0.011,-0.117345,-0.045849,4.487,7.26,-0.035306,0.021836,0.000000,0.095509,0.000,0.235,-0.027437,0.051293,0.000000,-0.054874,0.000000,0.134285,1,49.92
1.404000,-0.011,-0.229025,-0.101689,4.487,7.26,-0.036728,0.022106,0.000000,0.206920,0.000,0.458,-0.027437,0.051293,0.000000,-0.054874,0.000000,0.134285,1,49.92
1.406000,-0.011,-0.300000,-0.137177,4.487,7.27,-0.038027,0.022338,0.000000,0.330222,0.000,0.600,-0.027437,0.051293,0.000000,-0.054874,0.000000,0.134285,1,49.92
1.408000,-0.011,-0.300000,-0.137177,4.487,7.27,-0.039673,0.022635,0.000000,0.345752,0.011,0.600,-0.027437,0.051293,0.000000,-0.054874,0.000000,0.134285,1,49.92
1.410000,-0.011,-0.300000,-0.137177,4.487,7.27,-0.041623,0.022993,0.000000,0.444534,0.011,0.600,-0.027437,0.051293,0.000000,-0.054874,0.000000,0.134285,1,49.92
1.412000,-0.012,-0.300000,-0.137177,4.487,7.27,-0.043534,0.023337,0.000000,0.510063,0.011,0.600,-0.027437,0.051293,0.000000,-0.054874,0.000000,0.134285,1,49.92
1.414000,-0.012,-0.300000,-0.137177,4.487,7.27,-0.045407,0.023663,0.000000,0.534791,0.011,0.600,-0.027437,0.051293,0.000000,-0.054874,0.000000,0.134285,1,49.92
1.416000,-0.012,-0.300000,-0.137177,4.487,7.27,-0.047242,0.023970,0.000000,0.426632,0.011,0.600,-0.027437,0.051293,0.000000,-0.054874,0.000000,0.134285,1,49.92
1.418000,-0.012,-0.300000,-0.137177,4.487,7.27,-0.049041,0.024259,0.000000,0.432632,0.011,0.600,-0.027437,0.051293,0.000000,-0.054874,0.000000,0.134285,1,49.92
1.420000,-0.012,-0.300000,-0.137177,4.487,7.27,-0.050804,0.024530,0.000000,0.439537,0.012,0.600,-0.027437,0.051293,0.000000,-0.054874,0.000000,0.134285,1,49.92
1.422000,-0.012,-0.300000,-0.137177,4.487,7.27,-0.052531,0.024784,0.000000,0.395761,0.012,0.600,-0.027437,0.051293,0.000000,-0.054874,0.000000,0.134285,1,49.92
1.424000,-0.013,-0.292049,-0.133201,4.487,7.27,-0.054224,0.025020,0.000000,0.267029,0.012,0.584,-0.027437,0.051293,0.000000,-0.054874,0.000000,0.134285,1,49.92
1.426000,-0.013,-0.277519,-0.125936,4.487,7.27,-0.055804,0.025222,0.000000,0.252297,0.012,0.555,-0.027437,0.051293,0.000000,-0.054874,0.000000,0.134285,1,49.92
1.428000,-0.013,-0.259342,-0.116848,4.487,7.27,-0.057207,0.025375,0.000000,0.233967,0.012,0.519,-0.027437,0.051293,0.000000,-0.054874,0.000000,0.134285,1,49.92
1.430000,-0.013,-0.187340,-0.080847,4.487,7.27,-0.058400,0.025472,0.000000,0.161868,0.012,0.375,-0.027437,0.051293,0.000000,-0.054874,0.000000,0.134285,1,49.92
1.432000,-0.013,-0.071054,-0.022704,4.487,7.27,-0.059247,0.025485,0.000000,0.045569,0.013,0.142,-0.027437,0.051293,0.000000,-0.054874,0.000000,0.134285,1,49.92
1.434000,-0.013,-0.039676,-0.007015,4.487,7.27,-0.059750,0.025413,0.000000,0.014263,0.013,0.079,-0.027437,0.051293,0.000000,-0.054874,0.000000,0.134285,1,49.92
1.436000,-0.013,0.033668,0.029657,4.487,7.27,-0.059910,0.025257,0.000000,-0.058925,0.013,0.067,-0.027437,0.051293,0.000000,-0.054874,0.000000,0.134285,1,49.92
1.438000,-0.013,0.155148,0.090397,4.487,7.27,-0.059725,0.025018,0.000000,-0.180166,0.013,0.310,-0.027437,0.051293,0.000000,-0.054874,0.000000,0.134285,1,49.92
1.440000,-0.012,0.203591,0.114800,4.480,7.27,-0.059200,0.024699,0.000000,-0.228290,0.013,0.407,-0.027825,0.052019,0.000000,-0.055650,0.000000,0.136185,1,50.32
1.442000,-0.012,0.300000,0.163005,4.480,7.27,-0.058333,0.024300,0.000000,-0.334486,0.013,0.600,-0.027825,0.052019,0.000000,-0.055650,0.000000,0.136185,1,50.32
1.444000,-0.012,0.300000,0.163005,4.480,7.26,-0.057126,0.023823,0.000000,-0.533489,0.013,0.600,-0.027825,0.052019,0.000000,-0.055650,0.000000,0.136185,1,50.32
1.446000,-0.012,0.300000,0.163005,4.480,7.26,-0.055579,0.023269,0.000000,-0.736537,0.013,0.600,-0.027825,0.052019,0.000000,-0.055650,0.000000,0.136185,1,50.32
1.448000,-0.011,0.300000,0.163005,4.480,7.26,-0.053693,0.022639,0.000000,-0.649395,0.012,0.600,-0.027825,0.052019,0.000000,-0.055650,0.000000,0.136185,1,50.32
1.450000,-0.011,0.300000,0.163005,4.480,7.26,-0.051469,0.021935,0.000000,-0.690546,0.012,0.600,-0.027825,0.052019,0.000000,-0.055650,0.000000,0.136185,1,50.32
1.452000,-0.011,0.300000,0.163005,4.480,7.26,-0.048907,0.021158,0.000000,-0.917305,0.012,0.600,-0.027825,0.052019,0.000000,-0.055650,0.000000,0.136185,1,50.32
1.454000,-0.010,0.300000,0.163005,4.480,7.26,-0.046008,0.020310,0.000000,-1.117541,0.012,0.600,-0.027825,0.052019,0.000000,-0.055650,0.000000,0.136185,1,50.32
1.456000,-0.010,0.300000,0.163005,4.480,7.26,-0.042773,0.019392,0.000000,-0.869981,0.011,0.600,-0.027825,0.052019,0.000000,-0.055650,0.000000,0.136185,1,50.32
1.458000,-0.009,0.300000,0.163005,4.480,7.26,-0.039205,0.018406,0.000000,-1.146348,0.011,0.600,-0.027825,0.052019,0.000000,-0.055650,0.000000,0.136185,1,50.32
1.460000,-0.009,0.300000,0.163005,4.480,7.26,-0.035305,0.017353,0.000000,-1.615036,0.011,0.600,-0.027825,0.052019,0.000000,-0.055650,0.000000,0.136185,1,50.32
1.462000,-0.008,0.300000,0.163005,4.480,7.26,-0.031338,0.016292,0.000000,-1.857439,0.010,0.600,-0.027825,0.052019,0.000000,-0.055650,0.000000,0.136185,1,50.32
1.464000,-0.008,0.300000,0.163005,4.480,7.26,-0.027451,0.015257,0.000000,-1.477936,0.010,0.600,-0.027825,0.052019,0.000000,-0.055650,0.000000,0.136185,1,50.32
1.466000,-0.007,0.300000,0.163005,4.480,7.26,-0.023642,0.014248,0.000000,-1.742821,0.009,0.600,-0.027825,0.052019,0.000000,-0.055650,0.000000,0.136185,1,50.32
1.468000,-0.007,0.300000,0.163005,4.480,7.26,-0.019909,0.013266,0.000000,-1.977171,0.009,0.600,-0.027825,0.052019,0.000000,-0.055650,0.000000,0.136185,1,50.32
1.470000,-0.006,0.300000,0.163005,4.480,7.26,-0.016251,0.012309,0.000000,-1.890758,0.008,0.600,-0.027825,0.052019,0.000000,-0.055650,0.000000,0.136185,1,50.32
1.472000,-0.006,0.300000,0.163005,4.480,7.26,-0.012666,0.011377,0.000000,-1.331993,0.008,0.600,-0.027825,0.052019,0.000000,-0.055650,0.000000,0.136185,1,50.32
1.474000,-0.005,0.300000,0.163005,4.480,7.26,-0.009152,0.010470,0.000000,-1.567568,0.007,0.600,-0.027825,0.052019,0.000000,-0.055650,0.000000,0.136185,1,50.32
1.476000,-0.005,0.300000,0.163005,4.480,7.26,-0.005709,0.009587,0.000000,-1.276406,0.007,0.600,-0.027825,0.052019,0.000000,-0.055650,0.000000,0.136185,1,50.32
1.478000,-0.004,0.300000,0.163005,4.480,7.26,-0.002335,0.008730,0.000000,-1.054947,0.006,0.600,-0.027825,0.052019,0.000000,-0.055650,0.000000,0.136185,1,50.32
1.480000,-0.004,0.300000,0.163180,4.473,7.26,0.000972,0.007897,0.000000,-0.651334,0.006,0.600,-0.028199,0.052718,0.000000,-0.056399,0.000000,0.138016,1,50.53
1.482000,-0.004,0.300000,0.163180,4.473,7.25,0.004216,0.007088,0.000000,-0.853197,0.005,0.600,-0.028199,0.052718,0.000000,-0.056399,0.000000,0.138016,1,50.53
1.484000,-0.003,0.300000,0.163180,4.473,7.25,0.007396,0.006302,0.000000,-0.911110,0.005,0.600,-0.028199,0.052718,0.000000,-0.056399,0.000000,0.138016,1,50.53
1.486000,-0.003,0.300000,0.163180,4.473,7.25,0.010511,0.005539,0.000000,-1.270065,0.004,0.600,-0.028199,0.052718,0.000000,-0.056399,0.000000,0.138016,1,50.53
1.488000,-0.002,0.300000,0.163180,4.473,7.25,0.013565,0.004799,0.000000,-0.986999,0.004,0.600,-0.028199,0.052718,0.000000,-0.056399,0.000000,0.138016,1,50.53
1.490000,-0.002,0.300000,0.163180,4.473,7.25,0.016557,0.004081,0.000000,-1.172898,0.004,0.600,-0.028199,0.052718,0.000000,-0.056399,0.000000,0.138016,1,50.53
1.492000,-0.002,0.300000,0.163180,4.473,7.25,0.019490,0.003384,0.000000,-1.270970,0.003,0.600,-0.028199,0.052718,0.000000,-0.056399,0.000000,0.138016,1,50.53
1.494000,-0.001,0.300000,0.163180,4.473,7.25,0.022363,0.002708,0.000000,-1.297480,0.003,0.600,-0.028199,0.052718,0.000000,-0.056399,0.000000,0.138016,1,50.53
1.496000,-0.001,0.300000,0.163180,4.473,7.25,0.025180,0.002053,0.000000,-0.971648,0.002,0.600,-0.028199,0.052718,0.000000,-0.056399,0.000000,0.138016,1,50.53
1.498000,-0.001,0.300000,0.163180,4.473,7.25,0.027940,0.001419,0.000000,-0.981400,0.002,0.600,-0.028199,0.052718,0.000000,-0.056399,0.000000,0.138016,1,50.53
1.500000,-0.000,-0.000824,0.012768,4.473,7.25,0.030645,0.000805,0.000000,0.000019,0.000,0.002,-0.028199,0.052718,0.000000,-0.056399,0.000000,0.138016,1,50.53
1.502000,-0.000,0.281586,0.153973,4.473,7.25,0.032969,0.000281,0.000000,-0.281867,0.000,0.563,-0.028199,0.052718,0.000000,-0.056399,0.000000,0.138016,1,50.53
1.504000,0.000,0.300000,0.163180,4.473,7.25,0.035389,-0.000249,0.000000,-0.299855,0.000,0.600,-0.028199,0.052718,0.000000,-0.056399,0.000000,0.138016,1,50.53
1.506000,0.000,0.300000,0.163180,4.473,7.25,0.037944,-0.000801,0.000000,-0.481800,0.000,0.600,-0.028199,0.052718,0.000000,-0.056399,0.000000,0.138016,1,50.53
1.508000,0.001,0.300000,0.163180,4.473,7.25,0.040449,-0.001337,0.000000,-0.699809,0.000,0.600,-0.028199,0.052718,0.000000,-0.056399,0.000000,0.138016,1,50.53
1.510000,0.001,0.300000,0.163180,4.473,7.25,0.042904,-0.001855,0.000000,-0.966497,0.000,0.600,-0.028199,0.052718,0.000000,-0.056399,0.000000,0.138016,1,50.53
1.512000,0.001,0.300000,0.163180,4.473,7.25,0.045309,-0.002353,0.000000,-0.710017,-0.000,0.600,-0.028199,0.052718,0.000000,-0.056399,0.000000,0.138016,1,50.53
1.514000,0.001,0.300000,0.163180,4.473,7.25,0.047667,-0.002832,0.000000,-0.842443,-0.000,0.600,-0.028199,0.052718,0.000000,-0.056399,0.000000,0.138016,1,50.53
1.516000,0.002,0.300000,0.163180,4.473,7.25,0.049977,-0.003289,0.000000,-0.858695,-0.001,0.600,-0.028199,0.052718,0.000000,-0.056399,0.000000,0.138016,1,50.53
1.518000,0.002,0.300000,0.163180,4.473,7.25,0.052241,-0.003725,0.000000,-0.870870,-0.001,0.600,-0.028199,0.052718,0.000000,-0.056399,0.000000,0.138016,1,50.53
1.520000,0.002,0.300000,0.163180,4.473,7.25,0.054460,-0.004143,0.000000,-0.624870,-0.001,0.600,-0.028199,0.052718,0.000000,-0.056399,0.000000,0.138016,1,50.53
1.522000,0.002,0.300000,0.163180,4.473,7.25,0.056634,-0.004541,0.000000,-0.627047,-0.001,0.600,-0.028199,0.052718,0.000000,-0.056399,0.000000,0.138016,1,50.53
1.524000,0.002,0.300000,0.163180,4.473,7.25,0.058765,-0.004921,0.000000,-0.592325,-0.002,0.600,-0.028199,0.052718,0.000000,-0.056399,0.000000,0.138016,1,50.53
1.526000,0.003,0.300000,0.163180,4.473,7.25,0.060854,-0.005282,0.000000,-0.394926,-0.002,0.600,-0.028199,0.052718,0.000000,-0.056399,0.000000,0.138016,1,50.53
1.528000,0.003,0.173601,0.099980,4.473,7.25,0.062900,-0.005625,0.000000,-0.167976,-0.002,0.347,-0.028199,0.052718,0.000000,-0.056399,0.000000,0.138016,1,50.53
1.530000,0.003,0.235134,0.130747,4.473,7.25,0.064577,-0.005885,0.000000,-0.229249,-0.002,0.470,-0.028199,0.052718,0.000000,-0.056399,0.000000,0.138016,1,50.53
1.532000,0.003,0.278760,0.152560,4.473,7.25,0.065903,-0.006059,0.000000,-0.272701,-0.002,0.558,-0.028199,0.052718,0.000000,-0.056399,0.000000,0.138016,1,50.53
1.534000,0.003,0.268486,0.147423,4.473,7.25,0.067553,-0.006286,0.000000,-0.262200,-0.003,0.537,-0.028199,0.052718,0.000000,-0.056399,0.000000,0.138016,1,50.53
1.536000,0.003,0.277951,0.152155,4.473,7.25,0.069150,-0.006497,0.000000,-0.271453,-0.003,0.556,-0.028199,0.052718,0.000000,-0.056399,0.000000,0.138016,1,50.53
1.538000,0.003,0.300000,0.163180,4.473,7.25,0.070810,-0.006713,0.000000,-0.329089,-0.003,0.600,-0.028199,0.052718,0.000000,-0.056399,0.000000,0.138016,1,50.53
1.540000,0.003,0.300000,0.163690,4.452,7.25,0.072657,-0.006961,0.000000,-0.359350,-0.003,0.600,-0.029291,0.054759,0.000000,-0.058582,0.000000,0.143360,1,50.67
1.542000,0.004,0.300000,0.163690,4.452,7.24,0.074478,-0.007198,0.000000,-0.382993,-0.003,0.600,-0.029291,0.054759,0.000000,-0.058582,0.000000,0.143360,1,50.67
1.544000,0.004,0.296489,0.161934,4.452,7.23,0.076262,-0.007417,0.000000,-0.289072,-0.003,0.593,-0.029291,0.054759,0.000000,-0.058582,0.000000,0.143360,1,50.67
1.546000,0.004,0.300000,0.163690,4.452,7.23,0.077976,-0.007613,0.000000,-0.293997,-0.003,0.600,-0.029291,0.054759,0.000000,-0.058582,0.000000,0.143360,1,50.67
1.548000,0.004,0.300000,0.163690,4.452,7.23,0.079690,-0.007799,0.000000,-0.301865,-0.003,0.600,-0.029291,0.054759,0.000000,-0.058582,0.000000,0.143360,1,50.67
1.550000,0.004,0.285080,0.156230,4.452,7.22,0.081370,-0.007968,0.000000,-0.277112,-0.004,0.570,-0.029291,0.054759,0.000000,-0.058582,0.000000,0.143360,1,50.67
1.552000,0.004,0.194698,0.111039,4.452,7.22,0.082867,-0.008092,0.000000,-0.186606,-0.004,0.389,-0.029291,0.054759,0.000000,-0.058582,0.000000,0.143360,1,50.67
1.554000,0.004,0.195934,0.111657,4.452,7.22,0.084020,-0.008136,0.000000,-0.187798,-0.004,0.392,-0.029291,0.054759,0.000000,-0.058582,0.000000,0.143360,1,50.67
1.556000,0.004,0.162106,0.094743,4.452,7.22,0.084841,-0.008098,0.000000,-0.154008,-0.004,0.324,-0.029291,0.054759,0.000000,-0.058582,0.000000,0.143360,1,50.67
1.558000,0.004,0.039241,0.033310,4.452,7.22,0.085331,-0.007978,0.000000,-0.031263,-0.004,0.078,-0.029291,0.054759,0.000000,-0.058582,0.000000,0.143360,1,50.67
1.560000,0.004,-0.057422,-0.015021,4.452,7.22,0.085489,-0.007778,0.000000,0.065200,-0.004,0.115,-0.029291,0.054759,0.000000,-0.058582,0.000000,0.143360,1,50.67
1.562000,0.004,-0.145967,-0.059294,4.452,7.22,0.085315,-0.007498,0.000000,0.153465,-0.004,0.292,-0.029291,0.054759,0.000000,-0.058582,0.000000,0.143360,1,50.67
1.564000,0.004,-0.300000,-0.136310,4.452,7.21,0.084865,-0.007153,0.000000,0.326608,-0.004,0.600,-0.029291,0.054759,0.000000,-0.058582,0.000000,0.143360,1,50.67
1.566000,0.003,-0.300000,-0.136310,4.452,7.21,0.084137,-0.006743,0.000000,0.496984,-0.004,0.600,-0.029291,0.054759,0.000000,-0.058582,0.000000,0.143360,1,50.67
1.568000,0.003,-0.300000,-0.136310,4.452,7.21,0.083132,-0.006271,0.000000,0.465810,-0.004,0.600,-0.029291,0.054759,0.000000,-0.058582,0.000000,0.143360,1,50.67
1.570000,0.003,-0.300000,-0.136310,4.452,7.21,0.081849,-0.005738,0.000000,0.497627,-0.004,0.600,-0.029291,0.054759,0.000000,-0.058582,0.000000,0.143360,1,50.67
1.572000,0.003,-0.300000,-0.136310,4.452,7.21,0.080286,-0.005146,0.000000,0.671511,-0.004,0.600,-0.029291,0.054759,0.000000,-0.058582,0.000000,0.143360,1,50.67
1.574000,0.002,-0.300000,-0.136310,4.452,7.21,0.078442,-0.004496,0.000000,0.835566,-0.003,0.600,-0.029291,0.054759,0.000000,-0.058582,0.000000,0.143360,1,50.67
1.576000,0.002,-0.300000,-0.136310,4.452,7.21,0.076316,-0.003789,0.000000,0.647892,-0.003,0.600,-0.029291,0.054759,0.000000,-0.058582,0.000000,0.143360,1,50.67
1.578000,0.002,-0.300000,-0.136310,4.452,7.21,0.073910,-0.003024,0.000000,0.851834,-0.003,0.600,-0.029291,0.054759,0.000000,-0.058582,0.000000,0.143360,1,50.67
1.580000,0.001,-0.300000,-0.136428,4.457,7.21,0.071223,-0.002203,0.000000,1.183606,-0.003,0.600,-0.029039,0.054289,0.000000,-0.058079,0.000000,0.142128,1,50.65
1.582000,0.001,-0.300000,-0.136428,4.457,7.21,0.068254,-0.001325,0.000000,1.332097,-0.002,0.600,-0.029039,0.054289,0.000000,-0.058079,0.000000,0.142128,1,50.65
1.584000,0.000,-0.300000,-0.136428,4.457,7.22,0.065002,-0.000392,0.000000,1.061219,-0.002,0.600,-0.029039,0.054289,0.000000,-0.058079,0.000000,0.142128,1,50.65
1.586000,-0.000,-0.300000,-0.136428,4.457,7.22,0.061466,0.000595,0.000000,1.381595,-0.002,0.600,-0.029039,0.054289,0.000000,-0.058079,0.000000,0.142128,1,50.65
1.588000,-0.001,-0.300000,-0.136428,4.457,7.22,0.057645,0.001637,0.000000,1.713720,-0.001,0.600,-0.029039,0.054289,0.000000,-0.058079,0.000000,0.142128,1,50.65
1.590000,-0.001,-0.300000,-0.136428,4.457,7.22,0.053764,0.002696,0.000000,1.972700,-0.001,0.600,-0.029039,0.054289,0.000000,-0.058079,0.000000,0.142128,1,50.65
1.592000,-0.002,-0.300000,-0.136428,4.457,7.22,0.049960,0.003731,0.000000,1.622004,-0.000,0.600,-0.029039,0.054289,0.000000,-0.058079,0.000000,0.142128,1,50.65
1.594000,-0.002,-0.300000,-0.136428,4.457,7.22,0.046232,0.004739,0.000000,1.643909,0.000,0.600,-0.029039,0.054289,0.000000,-0.058079,0.000000,0.142128,1,50.65
1.596000,-0.003,-0.300000,-0.136428,4.457,7.22,0.042579,0.005721,0.000000,1.767318,0.001,0.600,-0.029039,0.054289,0.000000,-0.058079,0.000000,0.142128,1,50.65
1.598000,-0.003,-0.300000,-0.136428,4.457,7.22,0.038999,0.006676,0.000000,1.660626,0.001,0.600,-0.029039,0.054289,0.000000,-0.058079,0.000000,0.142128,1,50.65
1.600000,-0.004,-0.007781,0.009682,4.457,7.22,0.035490,0.007607,0.000000,0.000174,0.000,0.016,-0.029039,0.054289,0.000000,-0.058079,0.000000,0.142128,1,50.65
1.602000,-0.004,-0.264916,-0.118886,4.457,7.22,0.032318,0.008456,0.000000,0.256460,0.000,0.530,-0.029039,0.054289,0.000000,-0.058079,0.000000,0.142128,1,50.65
1.604000,-0.005,-0.300000,-0.136428,4.457,7.22,0.029294,0.009262,0.000000,0.698562,0.000,0.600,-0.029039,0.054289,0.000000,-0.058079,0.000000,0.142128,1,50.65
1.606000,-0.005,-0.300000,-0.136428,4.457,7.22,0.025980,0.010118,0.000000,1.233865,0.000,0.600,-0.029039,0.054289,0.000000,-0.058079,0.000000,0.142128,1,50.65
1.608000,-0.005,-0.300000,-0.136428,4.457,7.22,0.022732,0.010955,0.000000,1.278530,0.004,0.600,-0.029039,0.054289,0.000000,-0.058079,0.000000,0.142128,1,50.65
1.610000,-0.006,-0.300000,-0.136428,4.457,7.22,0.019548,0.011767,0.000000,1.540462,0.004,0.600,-0.029039,0.054289,0.000000,-0.058079,0.000000,0.142128,1,50.65
1.612000,-0.006,-0.300000,-0.136428,4.457,7.22,0.016429,0.012556,0.000000,1.681312,0.005,0.600,-0.029039,0.054289,0.000000,-0.058079,0.000000,0.142128,1,50.65
1.614000,-0.007,-0.300000,-0.136428,4.457,7.22,0.013372,0.013321,0.000000,1.637309,0.005,0.600,-0.029039,0.054289,0.000000,-0.058079,0.000000,0.142128,1,50.65
1.616000,-0.007,-0.300000,-0.136428,4.457,7.22,0.010376,0.014064,0.000000,1.140575,0.005,0.600,-0.029039,0.054289,0.000000,-0.058079,0.000000,0.142128,1,50.65
1.618000,-0.007,-0.300000,-0.136428,4.457,7.22,0.007439,0.014783,0.000000,1.148825,0.006,0.600,-0.029039,0.054289,0.000000,-0.058079,0.000000,0.142128,1,50.65
1.620000,-0.008,-0.300000,-0.136428,4.457,7.22,0.004562,0.015480,0.000000,1.246536,0.006,0.600,-0.029039,0.054289,0.000000,-0.058079,0.000000,0.142128,1,50.65
1.622000,-0.008,-0.300000,-0.136428,4.457,7.22,0.001742,0.016154,0.000000,1.197647,0.007,0.600,-0.029039,0.054289,0.000000,-0.058079,0.000000,0.142128,1,50.65
1.624000,-0.008,-0.300000,-0.136428,4.457,7.22,-0.001021,0.016806,0.000000,0.824391,0.007,0.600,-0.029039,0.054289,0.000000,-0.058079,0.000000,0.142128,1,50.65
1.626000,-0.009,-0.300000,-0.136428,4.457,7.22,-0.003730,0.017436,0.000000,0.787282,0.007,0.600,-0.029039,0.054289,0.000000,-0.058079,0.000000,0.142128,1,50.65
1.628000,-0.009,-0.300000,-0.136428,4.457,7.22,-0.006384,0.018045,0.000000,0.741752,0.008,0.600,-0.029039,0.054289,0.000000,-0.058079,0.000000,0.142128,1,50.65
1.630000,-0.009,-0.300000,-0.136428,4.457,7.22,-0.008985,0.018632,0.000000,0.456577,0.008,0.600,-0.029039,0.054289,0.000000,-0.058079,0.000000,0.142128,1,50.65
1.632000,-0.010,-0.151816,-0.062336,4.457,7.22,-0.011533,0.019198,0.000000,0.132618,0.008,0.304,-0.029039,0.054289,0.000000,-0.058079,0.000000,0.142128,1,50.65
1.634000,-0.010,-0.258827,-0.115841,4.457,7.22,-0.013766,0.019686,0.000000,0.239141,0.009,0.518,-0.029039,0.054289,0.000000,-0.058079,0.000000,0.142128,1,50.65
1.636000,-0.010,-0.300000,-0.136428,4.457,7.22,-0.015808,0.020122,0.000000,0.443530,0.009,0.600,-0.029039,0.054289,0.000000,-0.058079,0.000000,0.142128,1,50.65
1.638000,-0.010,-0.300000,-0.136428,4.457,7.22,-0.018146,0.020610,0.000000,0.643093,0.009,0.600,-0.029039,0.054289,0.000000,-0.058079,0.000000,0.142128,1,50.65
1.640000,-0.011,-0.300000,-0.136239,4.450,7.22,-0.020512,0.021098,0.000000,0.589570,0.010,0.600,-0.029443,0.055042,0.000000,-0.058885,0.000000,0.144101,1,49.87
1.642000,-0.011,-0.300000,-0.136239,4.450,7.22,-0.022827,0.021565,0.000000,0.710641,0.010,0.600,-0.029443,0.055042,0.000000,-0.058885,0.000000,0.144101,1,49.87
1.644000,-0.011,-0.300000,-0.136239,4.450,7.22,-0.025095,0.022012,0.000000,0.738391,0.010,0.600,-0.029443,0.055042,0.000000,-0.058885,0.000000,0.144101,1,49.87
1.646000,-0.011,-0.300000,-0.136239,4.450,7.21,-0.027318,0.022439,0.000000,0.716733,0.010,0.600,-0.029443,0.055042,0.000000,-0.058885,0.000000,0.144101,1,49.87
1.648000,-0.011,-0.300000,-0.136239,4.450,7.21,-0.029496,0.022846,0.000000,0.528305,0.011,0.600,-0.029443,0.055042,0.000000,-0.058885,0.000000,0.144101,1,49.87
1.650000,-0.012,-0.300000,-0.136239,4.450,7.21,-0.031631,0.023234,0.000000,0.530949,0.011,0.600,-0.029443,0.055042,0.000000,-0.058885,0.000000,0.144101,1,49.87
1.652000,-0.012,-0.300000,-0.136239,4.450,7.21,-0.033724,0.023602,0.000000,0.527685,0.011,0.600,-0.029443,0.055042,0.000000,-0.058885,0.000000,0.144101,1,49.87
1.654000,-0.012,-0.300000,-0.136239,4.450,7.21,-0.035774,0.023951,0.000000,0.529830,0.011,0.600,-0.029443,0.055042,0.000000,-0.058885,0.000000,0.144101,1,49.87
1.656000,-0.012,-0.300000,-0.136239,4.450,7.21,-0.037783,0.024280,0.000000,0.357119,0.011,0.600,-0.029443,0.055042,0.000000,-0.058885,0.000000,0.144101,1,49.87
1.658000,-0.012,-0.300000,-0.136239,4.450,7.21,-0.039752,0.024591,0.000000,0.443367,0.012,0.600,-0.029443,0.055042,0.000000,-0.058885,0.000000,0.144101,1,49.87
1.660000,-0.012,-0.300000,-0.136239,4.450,7.21,-0.041682,0.024884,0.000000,0.559990,0.012,0.600,-0.029443,0.055042,0.000000,-0.058885,0.000000,0.144101,1,49.87
1.662000,-0.013,-0.300000,-0.136239,4.450,7.21,-0.043573,0.025157,0.000000,0.561962,0.012,0.600,-0.029443,0.055042,0.000000,-0.058885,0.000000,0.144101,1,49.87
1.664000,-0.013,-0.300000,-0.136239,4.450,7.21,-0.045427,0.025413,0.000000,0.412858,0.012,0.600,-0.029443,0.055042,0.000000,-0.058885,0.000000,0.144101,1,49.87
1.666000,-0.013,-0.300000,-0.136239,4.450,7.21,-0.047243,0.025650,0.000000,0.471318,0.012,0.600,-0.029443,0.055042,0.000000,-0.058885,0.000000,0.144101,1,49.87
1.668000,-0.013,-0.300000,-0.136239,4.450,7.21,-0.049023,0.025869,0.000000,0.473677,0.012,0.600,-0.029443,0.055042,0.000000,-0.058885,0.000000,0.144101,1,49.87
1.670000,-0.013,-0.300000,-0.136239,4.450,7.21,-0.050767,0.026070,0.000000,0.431029,0.013,0.600,-0.029443,0.055042,0.000000,-0.058885,0.000000,0.144101,1,49.87
1.672000,-0.013,-0.300000,-0.136239,4.450,7.21,-0.052477,0.026254,0.000000,0.296285,0.013,0.600,-0.029443,0.055042,0.000000,-0.058885,0.000000,0.144101,1,49.87
1.674000,-0.013,-0.300000,-0.136239,4.450,7.21,-0.054152,0.026420,0.000000,0.296163,0.013,0.600,-0.029443,0.055042,0.000000,-0.058885,0.000000,0.144101,1,49.87
1.676000,-0.013,-0.300000,-0.136239,4.450,7.21,-0.055794,0.026569,0.000000,0.275332,0.013,0.600,-0.029443,0.055042,0.000000,-0.058885,0.000000,0.144101,1,49.87
1.678000,-0.013,-0.195198,-0.083839,4.450,7.21,-0.057403,0.026700,0.000000,0.168498,0.013,0.390,-0.029443,0.055042,0.000000,-0.058885,0.000000,0.144101,1,49.87
1.680000,-0.013,-0.099519,-0.036534,4.471,7.21,-0.058713,0.026757,0.000000,0.072762,0.013,0.199,-0.028297,0.052901,0.000000,-0.056594,0.000000,0.138494,1,49.86
1.682000,-0.013,-0.084844,-0.029197,4.471,7.22,-0.059734,0.026741,0.000000,0.058104,0.013,0.170,-0.028297,0.052901,0.000000,-0.056594,0.000000,0.138494,1,49.86
1.684000,-0.013,-0.034496,-0.004023,4.471,7.22,-0.060469,0.026651,0.000000,0.007844,0.013,0.069,-0.028297,0.052901,0.000000,-0.056594,0.000000,0.138494,1,49.86
1.686000,-0.013,0.094212,0.060331,4.471,7.22,-0.060916,0.026490,0.000000,-0.120701,0.013,0.188,-0.028297,0.052901,0.000000,-0.056594,0.000000,0.138494,1,49.86
1.688000,-0.013,0.106544,0.066497,4.471,7.23,-0.061076,0.026257,0.000000,-0.132802,0.013,0.213,-0.028297,0.052901,0.000000,-0.056594,0.000000,0.138494,1,49.86
1.690000,-0.013,0.207132,0.116791,4.471,7.23,-0.060950,0.025955,0.000000,-0.233087,0.013,0.414,-0.028297,0.052901,0.000000,-0.056594,0.000000,0.138494,1,49.86
1.692000,-0.013,0.300000,0.163225,4.471,7.23,-0.060537,0.025583,0.000000,-0.430091,0.013,0.600,-0.028297,0.052901,0.000000,-0.056594,0.000000,0.138494,1,49.86
1.694000,-0.013,0.300000,0.163225,4.471,7.24,-0.059838,0.025144,0.000000,-0.618986,0.013,0.600,-0.028297,0.052901,0.000000,-0.056594,0.000000,0.138494,1,49.86
1.696000,-0.012,0.300000,0.163225,4.471,7.24,-0.058853,0.024637,0.000000,-0.566257,0.013,0.600,-0.028297,0.052901,0.000000,-0.056594,0.000000,0.138494,1,49.86
1.698000,-0.012,0.300000,0.163225,4.471,7.24,-0.057582,0.024063,0.000000,-0.597999,0.013,0.600,-0.028297,0.052901,0.000000,-0.056594,0.000000,0.138494,1,49.86
1.700000,-0.012,-0.023944,0.001253,4.471,7.24,-0.056026,0.023424,0.000000,0.000520,0.000,0.048,-0.028297,0.052901,0.000000,-0.056594,0.000000,0.138494,1,49.86
1.702000,-0.011,0.262012,0.144231,4.471,7.24,-0.054760,0.022844,0.000000,-0.284856,0.000,0.524,-0.028297,0.052901,0.000000,-0.056594,0.000000,0.138494,1,49.86
1.704000,-0.011,0.284348,0.155399,4.471,7.24,-0.053197,0.022203,0.000000,-0.306551,0.000,0.569,-0.028297,0.052901,0.000000,-0.056594,0.000000,0.138494,1,49.86
1.706000,-0.011,0.300000,0.163225,4.471,7.24,-0.051360,0.021499,0.000000,-0.515490,0.000,0.600,-0.028297,0.052901,0.000000,-0.056594,0.000000,0.138494,1,49.86
1.708000,-0.010,0.300000,0.163225,4.471,7.24,-0.049249,0.020734,0.000000,-0.832294,0.012,0.600,-0.028297,0.052901,0.000000,-0.056594,0.000000,0.138494,1,49.86
1.710000,-0.010,0.300000,0.163225,4.471,7.24,-0.046865,0.019910,0.000000,-1.226991,0.011,0.600,-0.028297,0.052901,0.000000,-0.056594,0.000000,0.138494,1,49.86
1.712000,-0.010,0.300000,0.163225,4.471,7.24,-0.044211,0.019028,0.000000,-0.983650,0.011,0.600,-0.028297,0.052901,0.000000,-0.056594,0.000000,0.138494,1,49.86
1.714000,-0.009,0.300000,0.163225,4.471,7.24,-0.041287,0.018089,0.000000,-1.226484,0.011,0.600,-0.028297,0.052901,0.000000,-0.056594,0.000000,0.138494,1,49.86
1.716000,-0.009,0.300000,0.163225,4.471,7.24,-0.038097,0.017094,0.000000,-1.485991,0.010,0.600,-0.028297,0.052901,0.000000,-0.056594,0.000000,0.138494,1,49.86
1.718000,-0.008,0.300000,0.163225,4.471,7.24,-0.034641,0.016046,0.000000,-1.706746,0.010,0.600,-0.028297,0.052901,0.000000,-0.056594,0.000000,0.138494,1,49.86
1.720000,-0.007,0.300000,0.163225,4.471,7.24,-0.030923,0.014946,0.000000,-1.365344,0.010,0.600,-0.028297,0.052901,0.000000,-0.056594,0.000000,0.138494,1,49.86
1.722000,-0.007,0.300000,0.163225,4.471,7.24,-0.027040,0.013815,0.000000,-1.405101,0.009,0.600,-0.028297,0.052901,0.000000,-0.056594,0.000000,0.138494,1,49.86
1.724000,-0.006,0.300000,0.163225,4.471,7.24,-0.023235,0.012708,0.000000,-1.576907,0.009,0.600,-0.028297,0.052901,0.000000,-0.056594,0.000000,0.138494,1,49.86
1.726000,-0.006,0.300000,0.163225,4.471,7.24,-0.019506,0.011625,0.000000,-1.636874,0.008,0.600,-0.028297,0.052901,0.000000,-0.056594,0.000000,0.138494,1,49.86
1.728000,-0.005,0.300000,0.163225,4.471,7.24,-0.015851,0.010568,0.000000,-1.101415,0.007,0.600,-0.028297,0.052901,0.000000,-0.056594,0.000000,0.138494,1,49.86
1.730000,-0.005,0.300000,0.163225,4.471,7.24,-0.012269,0.009538,0.000000,-1.063430,0.007,0.600,-0.028297,0.052901,0.000000,-0.056594,0.000000,0.138494,1,49.86
1.732000,-0.004,0.300000,0.163225,4.471,7.24,-0.008759,0.008533,0.000000,-1.382833,0.006,0.600,-0.028297,0.052901,0.000000,-0.056594,0.000000,0.138494,1,49.86
1.734000,-0.004,0.300000,0.163225,4.471,7.24,-0.005320,0.007553,0.000000,-1.474678,0.006,0.600,-0.028297,0.052901,0.000000,-0.056594,0.000000,0.138494,1,49.86
1.736000,-0.003,0.300000,0.163225,4.471,7.24,-0.001949,0.006598,0.000000,-0.997638,0.005,0.600,-0.028297,0.052901,0.000000,-0.056594,0.000000,0.138494,1,49.86
1.738000,-0.003,0.300000,0.163225,4.471,7.24,0.001355,0.005668,0.000000,-1.279883,0.005,0.600,-0.028297,0.052901,0.000000,-0.056594,0.000000,0.138494,1,49.86
1.740000,-0.002,0.300000,0.164027,4.439,7.24,0.004592,0.004761,0.000000,-1.708443,0.004,0.600,-0.030013,0.056108,0.000000,-0.060025,0.000000,0.146890,1,49.98
1.742000,-0.002,0.300000,0.164027,4.439,7.23,0.007781,0.003873,0.000000,-1.745047,0.004,0.600,-0.030013,0.056108,0.000000,-0.060025,0.000000,0.146890,1,49.98
1.744000,-0.002,0.300000,0.164027,4.439,7.22,0.010906,0.003008,0.000000,-1.258385,0.003,0.600,-0.030013,0.056108,0.000000,-0.060025,0.000000,0.146890,1,49.98
1.746000,-0.001,0.300000,0.164027,4.439,7.22,0.013969,0.002165,0.000000,-1.455592,0.003,0.600,-0.030013,0.056108,0.000000,-0.060025,0.000000,0.146890,1,49.98
1.748000,-0.001,0.300000,0.164027,4.439,7.21,0.016970,0.001344,0.000000,-1.605351,0.002,0.600,-0.030013,0.056108,0.000000,-0.060025,0.000000,0.146890,1,49.98
1.750000,-0.000,0.300000,0.164027,4.439,7.21,0.019911,0.000545,0.000000,-1.567031,0.002,0.600,-0.030013,0.056108,0.000000,-0.060025,0.000000,0.146890,1,49.98
1.752000,0.000,0.300000,0.164027,4.439,7.20,0.022793,-0.000232,0.000000,-1.169389,0.002,0.600,-0.030013,0.056108,0.000000,-0.060025,0.000000,0.146890,1,49.98
1.754000,0.000,0.300000,0.164027,4.439,7.20,0.025618,-0.000988,0.000000,-1.188327,0.001,0.600,-0.030013,0.056108,0.000000,-0.060025,0.000000,0.146890,1,49.98
1.756000,0.001,0.300000,0.164027,4.439,7.20,0.028386,-0.001723,0.000000,-1.259228,0.001,0.600,-0.030013,0.056108,0.000000,-0.060025,0.000000,0.146890,1,49.98
1.758000,0.001,0.300000,0.164027,4.439,7.20,0.031099,-0.002435,0.000000,-1.187023,0.000,0.600,-0.030013,0.056108,0.000000,-0.060025,0.000000,0.146890,1,49.98
1.760000,0.002,0.300000,0.164027,4.439,7.20,0.033758,-0.003125,0.000000,-0.803626,-0.000,0.600,-0.030013,0.056108,0.000000,-0.060025,0.000000,0.146890,1,49.98
1.762000,0.002,0.300000,0.164027,4.439,7.20,0.036363,-0.003794,0.000000,-0.987176,-0.000,0.600,-0.030013,0.056108,0.000000,-0.060025,0.000000,0.146890,1,49.98
1.764000,0.002,0.300000,0.164027,4.439,7.19,0.038917,-0.004443,0.000000,-1.260850,-0.001,0.600,-0.030013,0.056108,0.000000,-0.060025,0.000000,0.146890,1,49.98
1.766000,0.003,0.300000,0.164027,4.439,7.19,0.041419,-0.005071,0.000000,-1.249156,-0.001,0.600,-0.030013,0.056108,0.000000,-0.060025,0.000000,0.146890,1,49.98
1.768000,0.003,0.300000,0.164027,4.439,7.19,0.043871,-0.005679,0.000000,-0.912730,-0.002,0.600,-0.030013,0.056108,0.000000,-0.060025,0.000000,0.146890,1,49.98
1.770000,0.003,0.300000,0.164027,4.439,7.19,0.046274,-0.006266,0.000000,-1.077138,-0.002,0.600,-0.030013,0.056108,0.000000,-0.060025,0.000000,0.146890,1,49.98
1.772000,0.003,0.300000,0.164027,4.439,7.19,0.048629,-0.006834,0.000000,-1.143228,-0.002,0.600,-0.030013,0.056108,0.000000,-0.060025,0.000000,0.146890,1,49.98
1.774000,0.004,0.300000,0.164027,4.439,7.19,0.050937,-0.007382,0.000000,-1.073457,-0.003,0.600,-0.030013,0.056108,0.000000,-0.060025,0.000000,0.146890,1,49.98
1.776000,0.004,0.300000,0.164027,4.439,7.19,0.053199,-0.007910,0.000000,-0.774773,-0.003,0.600,-0.030013,0.056108,0.000000,-0.060025,0.000000,0.146890,1,49.98
1.778000,0.004,0.300000,0.164027,4.439,7.19,0.055416,-0.008419,0.000000,-0.750461,-0.003,0.600,-0.030013,0.056108,0.000000,-0.060025,0.000000,0.146890,1,49.98
1.780000,0.004,0.300000,0.163190,4.472,7.19,0.057588,-0.008909,0.000000,-0.731444,-0.003,0.600,-0.028222,0.052761,0.000000,-0.056444,0.000000,0.138127,1,50.22
1.782000,0.005,0.300000,0.163190,4.472,7.20,0.059700,-0.009375,0.000000,-0.627979,-0.004,0.600,-0.028222,0.052761,0.000000,-0.056444,0.000000,0.138127,1,50.22
1.784000,0.005,0.300000,0.163190,4.472,7.21,0.061770,-0.009821,0.000000,-0.381018,-0.004,0.600,-0.028222,0.052761,0.000000,-0.056444,0.000000,0.138127,1,50.22
1.786000,0.005,0.300000,0.163190,4.472,7.22,0.063798,-0.010249,0.000000,-0.487684,-0.004,0.600,-0.028222,0.052761,0.000000,-0.056444,0.000000,0.138127,1,50.22
1.788000,0.005,0.300000,0.163190,4.472,7.22,0.065786,-0.010659,0.000000,-0.666287,-0.004,0.600,-0.028222,0.052761,0.000000,-0.056444,0.000000,0.138127,1,50.22
1.790000,0.006,0.300000,0.163190,4.472,7.23,0.067734,-0.011050,0.000000,-0.689625,-0.005,0.600,-0.028222,0.052761,0.000000,-0.056444,0.000000,0.138127,1,50.22
1.792000,0.006,0.300000,0.163190,4.472,7.23,0.069644,-0.011423,0.000000,-0.521822,-0.005,0.600,-0.028222,0.052761,0.000000,-0.056444,0.000000,0.138127,1,50.22
1.794000,0.006,0.300000,0.163190,4.472,7.23,0.071515,-0.011778,0.000000,-0.610567,-0.005,0.600,-0.028222,0.052761,0.000000,-0.056444,0.000000,0.138127,1,50.22
1.796000,0.006,0.300000,0.163190,4.472,7.24,0.073348,-0.012115,0.000000,-0.659356,-0.005,0.600,-0.028222,0.052761,0.000000,-0.056444,0.000000,0.138127,1,50.22
1.798000,0.006,0.300000,0.163190,4.472,7.24,0.075145,-0.012435,0.000000,-0.647483,-0.006,0.600,-0.028222,0.052761,0.000000,-0.056444,0.000000,0.138127,1,50.22
1.800000,0.006,0.013011,0.019696,4.472,7.24,0.076906,-0.012737,0.000000,-0.000274,0.000,0.026,-0.028222,0.052761,0.000000,-0.056444,0.000000,0.138127,1,50.22
1.802000,0.006,0.027297,0.026839,4.472,7.24,0.078377,-0.012966,0.000000,-0.014332,0.000,0.055,-0.028222,0.052761,0.000000,-0.056444,0.000000,0.138127,1,50.22
1.804000,0.007,0.085960,0.056170,4.472,7.24,0.079570,-0.013122,0.000000,-0.072837,0.000,0.172,-0.028222,0.052761,0.000000,-0.056444,0.000000,0.138127,1,50.22
1.806000,0.007,0.089976,0.058178,4.472,7.24,0.080486,-0.013207,0.000000,-0.076770,0.000,0.180,-0.028222,0.052761,0.000000,-0.056444,0.000000,0.138127,1,50.22
1.808000,0.007,0.090624,0.058502,4.472,7.24,0.081122,-0.013220,0.000000,-0.077404,-0.006,0.181,-0.028222,0.052761,0.000000,-0.056444,0.000000,0.138127,1,50.22
1.810000,0.007,0.075436,0.050908,4.472,7.24,0.081479,-0.013162,0.000000,-0.062274,-0.006,0.151,-0.028222,0.052761,0.000000,-0.056444,0.000000,0.138127,1,50.22
1.812000,0.007,0.004645,0.015512,4.472,7.24,0.081554,-0.013033,0.000000,0.008389,-0.007,0.009,-0.028222,0.052761,0.000000,-0.056444,0.000000,0.138127,1,50.22
1.814000,0.006,-0.157252,-0.065436,4.472,7.24,0.081348,-0.012835,0.000000,0.170087,-0.007,0.315,-0.028222,0.052761,0.000000,-0.056444,0.000000,0.138127,1,50.22
1.816000,0.006,-0.174433,-0.074026,4.472,7.24,0.080894,-0.012575,0.000000,0.187008,-0.007,0.349,-0.028222,0.052761,0.000000,-0.056444,0.000000,0.138127,1,50.22
1.818000,0.006,-0.195668,-0.084644,4.472,7.24,0.080193,-0.012255,0.000000,0.207923,-0.007,0.391,-0.028222,0.052761,0.000000,-0.056444,0.000000,0.138127,1,50.22
1.820000,0.006,-0.295634,-0.134627,4.472,7.24,0.079242,-0.011875,0.000000,0.307510,-0.007,0.591,-0.028222,0.052761,0.000000,-0.056444,0.000000,0.138127,1,50.22
1.822000,0.006,-0.300000,-0.136810,4.472,7.24,0.078044,-0.011437,0.000000,0.467153,-0.006,0.600,-0.028222,0.052761,0.000000,-0.056444,0.000000,0.138127,1,50.22
1.824000,0.005,-0.300000,-0.136810,4.472,7.24,0.076597,-0.010940,0.000000,0.379968,-0.006,0.600,-0.028222,0.052761,0.000000,-0.056444,0.000000,0.138127,1,50.22
1.826000,0.005,-0.300000,-0.136810,4.472,7.24,0.074902,-0.010387,0.000000,0.494789,-0.006,0.600,-0.028222,0.052761,0.000000,-0.056444,0.000000,0.138127,1,50.22
1.828000,0.005,-0.300000,-0.136810,4.472,7.24,0.072960,-0.009778,0.000000,0.475885,-0.006,0.600,-0.028222,0.052761,0.000000,-0.056444,0.000000,0.138127,1,50.22
1.830000,0.005,-0.300000,-0.136810,4.472,7.24,0.070769,-0.009114,0.000000,0.381386,-0.006,0.600,-0.028222,0.052761,0.000000,-0.056444,0.000000,0.138127,1,50.22
1.832000,0.004,-0.171527,-0.072573,4.472,7.24,0.068332,-0.008396,0.000000,0.179923,-0.005,0.343,-0.028222,0.052761,0.000000,-0.056444,0.000000,0.138127,1,50.22
1.834000,0.004,-0.300000,-0.136810,4.472,7.24,0.065647,-0.007625,0.000000,0.358432,-0.005,0.600,-0.028222,0.052761,0.000000,-0.056444,0.000000,0.138127,1,50.22
1.836000,0.003,-0.300000,-0.136810,4.472,7.24,0.062715,-0.006803,0.000000,0.523457,-0.005,0.600,-0.028222,0.052761,0.000000,-0.056444,0.000000,0.138127,1,50.22
1.838000,0.003,-0.300000,-0.136810,4.472,7.24,0.059533,-0.005930,0.000000,0.903638,-0.005,0.600,-0.028222,0.052761,0.000000,-0.056444,0.000000,0.138127,1,50.22
1.840000,0.003,-0.300000,-0.136688,4.468,7.24,0.056097,-0.005010,0.000000,0.928783,-0.004,0.600,-0.028482,0.053247,0.000000,-0.056965,0.000000,0.139402,1,50.38
1.842000,0.002,-0.300000,-0.136688,4.468,7.24,0.052407,-0.004043,0.000000,1.161037,-0.004,0.600,-0.028482,0.053247,0.000000,-0.056965,0.000000,0.139402,1,50.38
1.844000,0.002,-0.300000,-0.136688,4.468,7.24,0.048625,-0.003059,0.000000,1.365215,-0.003,0.600,-0.028482,0.053247,0.000000,-0.056965,0.000000,0.139402,1,50.38
1.846000,0.001,-0.300000,-0.136688,4.468,7.24,0.044919,-0.002095,0.000000,1.543602,-0.003,0.600,-0.028482,0.053247,0.000000,-0.056965,0.000000,0.139402,1,50.38
1.848000,0.001,-0.300000,-0.136688,4.468,7.24,0.041286,-0.001158,0.000000,1.180339,-0.003,0.600,-0.028482,0.053247,0.000000,-0.056965,0.000000,0.139402,1,50.38
1.850000,0.000,-0.300000,-0.136688,4.468,7.24,0.037727,-0.000247,0.000000,1.375009,-0.002,0.600,-0.028482,0.053247,0.000000,-0.056965,0.000000,0.139402,1,50.38
1.852000,-0.000,-0.300000,-0.136688,4.468,7.24,0.034238,0.000638,0.000000,1.485284,-0.002,0.600,-0.028482,0.053247,0.000000,-0.056965,0.000000,0.139402,1,50.38
1.854000,-0.001,-0.300000,-0.136688,4.468,7.24,0.030820,0.001498,0.000000,1.481427,-0.001,0.600,-0.028482,0.053247,0.000000,-0.056965,0.000000,0.139402,1,50.38
1.856000,-0.001,-0.300000,-0.136688,4.468,7.24,0.027470,0.002333,0.000000,1.046515,-0.001,0.600,-0.028482,0.053247,0.000000,-0.056965,0.000000,0.139402,1,50.38
1.858000,-0.002,-0.300000,-0.136688,4.468,7.24,0.024186,0.003143,0.000000,1.256054,-0.000,0.600,-0.028482,0.053247,0.000000,-0.056965,0.000000,0.139402,1,50.38
1.860000,-0.002,-0.300000,-0.136688,4.468,7.24,0.020969,0.003928,0.000000,1.374071,0.000,0.600,-0.028482,0.053247,0.000000,-0.056965,0.000000,0.139402,1,50.38
1.862000,-0.002,-0.300000,-0.136688,4.468,7.24,0.017816,0.004689,0.000000,1.065539,0.001,0.600,-0.028482,0.053247,0.000000,-0.056965,0.000000,0.139402,1,50.38
1.864000,-0.003,-0.300000,-0.136688,4.468,7.24,0.014725,0.005427,0.000000,0.690320,0.001,0.600,-0.028482,0.053247,0.000000,-0.056965,0.000000,0.139402,1,50.38
1.866000,-0.003,-0.300000,-0.136688,4.468,7.24,0.011697,0.006142,0.000000,0.839602,0.002,0.600,-0.028482,0.053247,0.000000,-0.056965,0.000000,0.139402,1,50.38
1.868000,-0.003,-0.300000,-0.136688,4.468,7.24,0.008729,0.006833,0.000000,0.974880,0.002,0.600,-0.028482,0.053247,0.000000,-0.056965,0.000000,0.139402,1,50.38
1.870000,-0.004,-0.300000,-0.136688,4.468,7.24,0.005821,0.007502,0.000000,0.931526,0.002,0.600,-0.028482,0.053247,0.000000,-0.056965,0.000000,0.139402,1,50.38
1.872000,-0.004,-0.300000,-0.136688,4.468,7.24,0.002971,0.008149,0.000000,0.914932,0.003,0.600,-0.028482,0.053247,0.000000,-0.056965,0.000000,0.139402,1,50.38
1.874000,-0.004,-0.300000,-0.136688,4.468,7.24,0.000177,0.008773,0.000000,1.070912,0.003,0.600,-0.028482,0.053247,0.000000,-0.056965,0.000000,0.139402,1,50.38
1.876000,-0.005,-0.300000,-0.136688,4.468,7.24,-0.002560,0.009375,0.000000,1.210827,0.003,0.600,-0.028482,0.053247,0.000000,-0.056965,0.000000,0.139402,1,50.38
1.878000,-0.005,-0.300000,-0.136688,4.468,7.24,-0.005243,0.009955,0.000000,0.849114,0.004,0.600,-0.028482,0.053247,0.000000,-0.056965,0.000000,0.139402,1,50.38
1.880000,-0.005,-0.300000,-0.136157,4.446,7.24,-0.007872,0.010514,0.000000,0.554297,0.004,0.600,-0.029618,0.055371,0.000000,-0.059236,0.000000,0.144960,1,50.18
1.882000,-0.006,-0.300000,-0.136157,4.446,7.23,-0.010437,0.011049,0.000000,0.668446,0.004,0.600,-0.029618,0.055371,0.000000,-0.059236,0.000000,0.144960,1,50.18
1.884000,-0.006,-0.300000,-0.136157,4.446,7.22,-0.012952,0.011563,0.000000,0.756401,0.005,0.600,-0.029618,0.055371,0.000000,-0.059236,0.000000,0.144960,1,50.18
1.886000,-0.006,-0.300000,-0.136157,4.446,7.22,-0.015416,0.012056,0.000000,0.672655,0.005,0.600,-0.029618,0.055371,0.000000,-0.059236,0.000000,0.144960,1,50.18
1.888000,-0.006,-0.300000,-0.136157,4.446,7.22,-0.017831,0.012529,0.000000,0.694021,0.005,0.600,-0.029618,0.055371,0.000000,-0.059236,0.000000,0.144960,1,50.18
1.890000,-0.006,-0.300000,-0.136157,4.446,7.21,-0.020197,0.012982,0.000000,0.807639,0.006,0.600,-0.029618,0.055371,0.000000,-0.059236,0.000000,0.144960,1,50.18
1.892000,-0.007,-0.300000,-0.136157,4.446,7.21,-0.022517,0.013415,0.000000,0.869761,0.006,0.600,-0.029618,0.055371,0.000000,-0.059236,0.000000,0.144960,1,50.18
1.894000,-0.007,-0.300000,-0.136157,4.446,7.21,-0.024790,0.013829,0.000000,0.839300,0.006,0.600,-0.029618,0.055371,0.000000,-0.059236,0.000000,0.144960,1,50.18
1.896000,-0.007,-0.300000,-0.136157,4.446,7.21,-0.027017,0.014222,0.000000,0.618357,0.006,0.600,-0.029618,0.055371,0.000000,-0.059236,0.000000,0.144960,1,50.18
1.898000,-0.007,-0.300000,-0.136157,4.446,7.21,-0.029200,0.014596,0.000000,0.624925,0.006,0.600,-0.029618,0.055371,0.000000,-0.059236,0.000000,0.144960,1,50.18
1.900000,-0.007,-0.015263,0.006211,4.446,7.21,-0.031339,0.014951,0.000000,0.000312,0.000,0.031,-0.029618,0.055371,0.000000,-0.059236,0.000000,0.144960,1,50.18
1.902000,-0.008,-0.158019,-0.065167,4.446,7.21,-0.033176,0.015229,0.000000,0.142791,0.000,0.316,-0.029618,0.055371,0.000000,-0.059236,0.000000,0.144960,1,50.18
1.904000,-0.008,-0.164406,-0.068360,4.446,7.21,-0.034716,0.015429,0.000000,0.148978,0.000,0.329,-0.029618,0.055371,0.000000,-0.059236,0.000000,0.144960,1,50.18
1.906000,-0.008,-0.198125,-0.085220,4.446,7.20,-0.035955,0.015551,0.000000,0.182574,0.000,0.396,-0.029618,0.055371,0.000000,-0.059236,0.000000,0.144960,1,50.18
1.908000,-0.008,-0.205404,-0.088859,4.446,7.20,-0.036941,0.015607,0.000000,0.189797,0.007,0.411,-0.029618,0.055371,0.000000,-0.059236,0.000000,0.144960,1,50.18
1.910000,-0.008,-0.234437,-0.103376,4.446,7.20,-0.037979,0.015667,0.000000,0.218770,0.008,0.469,-0.029618,0.055371,0.000000,-0.059236,0.000000,0.144960,1,50.18
1.912000,-0.008,-0.097664,-0.034989,4.446,7.20,-0.039287,0.015780,0.000000,0.081884,0.008,0.195,-0.029618,0.055371,0.000000,-0.059236,0.000000,0.144960,1,50.18
1.914000,-0.008,-0.101977,-0.037146,4.446,7.20,-0.040279,0.015819,0.000000,0.086158,0.008,0.204,-0.029618,0.055371,0.000000,-0.059236,0.000000,0.144960,1,50.18
1.916000,-0.008,-0.065601,-0.018958,4.446,7.20,-0.040968,0.015781,0.000000,0.049820,0.008,0.131,-0.029618,0.055371,0.000000,-0.059236,0.000000,0.144960,1,50.18
1.918000,-0.008,-0.010510,0.008587,4.446,7.20,-0.041361,0.015669,0.000000,-0.005158,0.008,0.021,-0.029618,0.055371,0.000000,-0.059236,0.000000,0.144960,1,50.18
1.920000,-0.008,0.024531,0.026108,4.446,7.20,-0.041455,0.015482,0.000000,-0.040013,0.008,0.049,-0.029618,0.055371,0.000000,-0.059236,0.000000,0.144960,1,50.18
1.922000,-0.008,0.100639,0.064162,4.446,7.20,-0.041280,0.015228,0.000000,-0.115867,0.008,0.201,-0.029618,0.055371,0.000000,-0.059236,0.000000,0.144960,1,50.18
1.924000,-0.007,0.260874,0.144280,4.446,7.20,-0.040834,0.014908,0.000000,-0.275782,0.008,0.522,-0.029618,0.055371,0.000000,-0.059236,0.000000,0.144960,1,50.18
1.926000,-0.007,0.300000,0.163843,4.446,7.20,-0.040115,0.014523,0.000000,-0.475357,0.008,0.600,-0.029618,0.055371,0.000000,-0.059236,0.000000,0.144960,1,50.18
1.928000,-0.007,0.300000,0.163843,4.446,7.20,-0.039123,0.014073,0.000000,-0.449243,0.008,0.600,-0.029618,0.055371,0.000000,-0.059236,0.000000,0.144960,1,50.18
1.930000,-0.007,0.300000,0.163843,4.446,7.20,-0.037858,0.013559,0.000000,-0.444787,0.008,0.600,-0.029618,0.055371,0.000000,-0.059236,0.000000,0.144960,1,50.18
1.932000,-0.006,0.300000,0.163843,4.446,7.20,-0.036318,0.012982,0.000000,-0.382958,0.007,0.600,-0.029618,0.055371,0.000000,-0.059236,0.000000,0.144960,1,50.18
1.934000,-0.006,0.300000,0.163843,4.446,7.20,-0.034504,0.012343,0.000000,-0.460942,0.007,0.600,-0.029618,0.055371,0.000000,-0.059236,0.000000,0.144960,1,50.18
1.936000,-0.006,0.269059,0.148372,4.446,7.20,-0.032416,0.011643,0.000000,-0.280702,0.007,0.538,-0.029618,0.055371,0.000000,-0.059236,0.000000,0.144960,1,50.18
1.938000,-0.005,0.300000,0.163843,4.446,7.20,-0.030052,0.010883,0.000000,-0.454510,0.007,0.600,-0.029618,0.055371,0.000000,-0.059236,0.000000,0.144960,1,50.18
1.940000,-0.005,0.300000,0.163682,4.453,7.20,-0.027412,0.010063,0.000000,-0.838793,0.006,0.600,-0.029275,0.054729,0.000000,-0.058550,0.000000,0.143281,1,50.10
1.942000,-0.005,0.300000,0.163682,4.453,7.20,-0.024497,0.009185,0.000000,-1.232849,0.006,0.600,-0.029275,0.054729,0.000000,-0.058550,0.000000,0.143281,1,50.10
1.944000,-0.004,0.300000,0.163682,4.453,7.21,-0.021307,0.008249,0.000000,-1.044553,0.006,0.600,-0.029275,0.054729,0.000000,-0.058550,0.000000,0.143281,1,50.10
1.946000,-0.004,0.300000,0.163682,4.453,7.21,-0.017840,0.007257,0.000000,-1.341929,0.005,0.600,-0.029275,0.054729,0.000000,-0.058550,0.000000,0.143281,1,50.10
1.948000,-0.003,0.300000,0.163682,4.453,7.21,-0.014210,0.006235,0.000000,-1.652855,0.005,0.600,-0.029275,0.054729,0.000000,-0.058550,0.000000,0.143281,1,50.10
1.950000,-0.003,0.300000,0.163682,4.453,7.21,-0.010652,0.005238,0.000000,-1.805260,0.005,0.600,-0.029275,0.054729,0.000000,-0.058550,0.000000,0.143281,1,50.10
1.952000,-0.002,0.300000,0.163682,4.453,7.21,-0.007166,0.004267,0.000000,-1.421811,0.004,0.600,-0.029275,0.054729,0.000000,-0.058550,0.000000,0.143281,1,50.10
1.954000,-0.002,0.300000,0.163682,4.453,7.21,-0.003749,0.003321,0.000000,-1.649047,0.004,0.600,-0.029275,0.054729,0.000000,-0.058550,0.000000,0.143281,1,50.10
1.956000,-0.001,0.300000,0.163682,4.453,7.21,-0.000400,0.002401,0.000000,-1.799512,0.003,0.600,-0.029275,0.054729,0.000000,-0.058550,0.000000,0.143281,1,50.10
1.958000,-0.001,0.300000,0.163682,4.453,7.21,0.002882,0.001505,0.000000,-1.701254,0.003,0.600,-0.029275,0.054729,0.000000,-0.058550,0.000000,0.143281,1,50.10
1.960000,-0.000,0.300000,0.163682,4.453,7.21,0.006098,0.000633,0.000000,-1.199826,0.002,0.600,-0.029275,0.054729,0.000000,-0.058550,0.000000,0.143281,1,50.10
1.962000,0.000,0.300000,0.163682,4.453,7.21,0.009250,-0.000216,0.000000,-1.453228,0.002,0.600,-0.029275,0.054729,0.000000,-0.058550,0.000000,0.143281,1,50.10
1.964000,0.001,0.300000,0.163682,4.453,7.21,0.012338,-0.001041,0.000000,-1.270830,0.001,0.600,-0.029275,0.054729,0.000000,-0.058550,0.000000,0.143281,1,50.10
1.966000,0.001,0.300000,0.163682,4.453,7.21,0.015365,-0.001842,0.000000,-1.237558,0.001,0.600,-0.029275,0.054729,0.000000,-0.058550,0.000000,0.143281,1,50.10
1.968000,0.001,0.300000,0.163682,4.453,7.21,0.018332,-0.002620,0.000000,-0.846517,0.000,0.600,-0.029275,0.054729,0.000000,-0.058550,0.000000,0.143281,1,50.10
1.970000,0.002,0.300000,0.163682,4.453,7.21,0.021239,-0.003374,0.000000,-1.042070,-0.000,0.600,-0.029275,0.054729,0.000000,-0.058550,0.000000,0.143281,1,50.10
1.972000,0.002,0.300000,0.163682,4.453,7.21,0.024088,-0.004105,0.000000,-1.158969,-0.001,0.600,-0.029275,0.054729,0.000000,-0.058550,0.000000,0.143281,1,50.10
1.974000,0.002,0.300000,0.163682,4.453,7.21,0.026880,-0.004813,0.000000,-1.456944,-0.001,0.600,-0.029275,0.054729,0.000000,-0.058550,0.000000,0.143281,1,50.10
1.976000,0.003,0.300000,0.163682,4.453,7.21,0.029616,-0.005499,0.000000,-1.048950,-0.001,0.600,-0.029275,0.054729,0.000000,-0.058550,0.000000,0.143281,1,50.10
1.978000,0.003,0.300000,0.163682,4.453,7.21,0.032297,-0.006163,0.000000,-1.091817,-0.002,0.600,-0.029275,0.054729,0.000000,-0.058550,0.000000,0.143281,1,50.10
1.980000,0.003,0.300000,0.162908,4.484,7.21,0.034925,-0.006805,0.000000,-0.861410,-0.002,0.600,-0.027618,0.051632,0.000000,-0.055237,0.000000,0.135173,1,50.25
1.982000,0.004,0.300000,0.162908,4.484,7.22,0.037485,-0.007422,0.000000,-0.763717,-0.002,0.600,-0.027618,0.051632,0.000000,-0.055237,0.000000,0.135173,1,50.25
1.984000,0.004,0.300000,0.162908,4.484,7.23,0.039993,-0.008017,0.000000,-0.405223,-0.003,0.600,-0.027618,0.051632,0.000000,-0.055237,0.000000,0.135173,1,50.25
1.986000,0.004,0.300000,0.162908,4.484,7.24,0.042452,-0.008591,0.000000,-0.532808,-0.003,0.600,-0.027618,0.051632,0.000000,-0.055237,0.000000,0.135173,1,50.25
1.988000,0.005,0.300000,0.162908,4.484,7.24,0.044861,-0.009144,0.000000,-0.714771,-0.003,0.600,-0.027618,0.051632,0.000000,-0.055237,0.000000,0.135173,1,50.25
1.990000,0.005,0.300000,0.162908,4.484,7.25,0.047222,-0.009676,0.000000,-0.943445,-0.004,0.600,-0.027618,0.051632,0.000000,-0.055237,0.000000,0.135173,1,50.25
1.992000,0.005,0.300000,0.162908,4.484,7.25,0.049536,-0.010188,0.000000,-0.679778,-0.004,0.600,-0.027618,0.051632,0.000000,-0.055237,0.000000,0.135173,1,50.25
1.994000,0.005,0.300000,0.162908,4.484,7.25,0.051803,-0.010681,0.000000,-0.784924,-0.004,0.600,-0.027618,0.051632,0.000000,-0.055237,0.000000,0.135173,1,50.25
1.996000,0.006,0.300000,0.162908,4.484,7.25,0.054025,-0.011153,0.000000,-0.857066,-0.005,0.600,-0.027618,0.051632,0.000000,-0.055237,0.000000,0.135173,1,50.25
1.998000,0.006,0.300000,0.162908,4.484,7.26,0.056203,-0.011606,0.000000,-0.815927,-0.005,0.600,-0.027618,0.051632,0.000000,-0.055237,0.000000,0.135173,1,50.25
2.000000,0.006,0.012283,0.019049,4.484,7.26,0.058337,-0.012039,0.000000,-0.000244,0.000,0.025,-0.027618,0.051632,0.000000,-0.055237,0.000000,0.135173,1,50.25
2.002000,0.006,0.035297,0.030557,4.484,7.26,0.060136,-0.012392,0.000000,-0.022906,0.000,0.071,-0.027618,0.051632,0.000000,-0.055237,0.000000,0.135173,1,50.25
2.004000,0.006,0.123207,0.074512,4.484,7.26,0.061609,-0.012662,0.000000,-0.110546,0.000,0.246,-0.027618,0.051632,0.000000,-0.055237,0.000000,0.135173,1,50.25
2.006000,0.006,0.197147,0.111482,4.484,7.26,0.062757,-0.012848,0.000000,-0.184299,0.000,0.394,-0.027618,0.051632,0.000000,-0.055237,0.000000,0.135173,1,50.25
2.008000,0.006,0.202561,0.114189,4.484,7.26,0.063731,-0.012982,0.000000,-0.189579,-0.006,0.405,-0.027618,0.051632,0.000000,-0.055237,0.000000,0.135173,1,50.25
2.010000,0.007,0.235326,0.130571,4.484,7.26,0.064740,-0.013115,0.000000,-0.222212,-0.006,0.471,-0.027618,0.051632,0.000000,-0.055237,0.000000,0.135173,1,50.25
2.012000,0.007,0.300000,0.162908,4.484,7.26,0.066055,-0.013309,0.000000,-0.291857,-0.006,0.600,-0.027618,0.051632,0.000000,-0.055237,0.000000,0.135173,1,50.25
2.014000,0.007,0.300000,0.162908,4.484,7.26,0.067667,-0.013565,0.000000,-0.329686,-0.006,0.600,-0.027618,0.051632,0.000000,-0.055237,0.000000,0.135173,1,50.25
2.016000,0.007,0.286372,0.156094,4.484,7.26,0.069572,-0.013881,0.000000,-0.272491,-0.006,0.573,-0.027618,0.051632,0.000000,-0.055237,0.000000,0.135173,1,50.25
2.018000,0.007,0.300000,0.162908,4.484,7.26,0.071302,-0.014151,0.000000,-0.346007,-0.007,0.600,-0.027618,0.051632,0.000000,-0.055237,0.000000,0.135173,1,50.25
2.020000,0.007,0.300000,0.162908,4.484,7.26,0.073134,-0.014433,0.000000,-0.443008,-0.007,0.600,-0.027618,0.051632,0.000000,-0.055237,0.000000,0.135173,1,50.25
2.022000,0.007,0.300000,0.162908,4.484,7.26,0.074930,-0.014699,0.000000,-0.474694,-0.007,0.600,-0.027618,0.051632,0.000000,-0.055237,0.000000,0.135173,1,50.25
2.024000,0.007,0.300000,0.162908,4.484,7.26,0.076689,-0.014947,0.000000,-0.361610,-0.007,0.600,-0.027618,0.051632,0.000000,-0.055237,0.000000,0.135173,1,50.25
2.026000,0.008,0.300000,0.162908,4.484,7.26,0.078414,-0.015176,0.000000,-0.360452,-0.007,0.600,-0.027618,0.051632,0.000000,-0.055237,0.000000,0.135173,1,50.25
2.028000,0.008,0.300000,0.162908,4.484,7.26,0.080104,-0.015388,0.000000,-0.353132,-0.007,0.600,-0.027618,0.051632,0.000000,-0.055237,0.000000,0.135173,1,50.25
2.030000,0.008,0.239290,0.132553,4.484,7.26,0.081760,-0.015583,0.000000,-0.223707,-0.007,0.479,-0.027618,0.051632,0.000000,-0.055237,0.000000,0.135173,1,50.25
2.032000,0.008,0.116488,0.071152,4.484,7.26,0.083080,-0.015694,0.000000,-0.100794,-0.007,0.233,-0.027618,0.051632,0.000000,-0.055237,0.000000,0.135173,1,50.25
2.034000,0.008,0.112798,0.069307,4.484,7.26,0.084071,-0.015722,0.000000,-0.097076,-0.008,0.226,-0.027618,0.051632,0.000000,-0.055237,0.000000,0.135173,1,50.25
2.036000,0.008,0.073458,0.049637,4.484,7.26,0.084732,-0.015667,0.000000,-0.057791,-0.008,0.147,-0.027618,0.051632,0.000000,-0.055237,0.000000,0.135173,1,50.25
2.038000,0.008,-0.070909,-0.022547,4.484,7.26,0.085065,-0.015529,0.000000,0.086438,-0.008,0.142,-0.027618,0.051632,0.000000,-0.055237,0.000000,0.135173,1,50.25
2.040000,0.008,-0.082431,-0.027962,4.470,7.26,0.085068,-0.015307,0.000000,0.097738,-0.008,0.165,-0.028358,0.053015,0.000000,-0.056716,0.000000,0.138792,1,50.35
2.042000,0.008,-0.176934,-0.075214,4.470,7.26,0.084744,-0.015005,0.000000,0.191940,-0.008,0.354,-0.028358,0.053015,0.000000,-0.056716,0.000000,0.138792,1,50.35
2.044000,0.007,-0.300000,-0.136746,4.470,7.26,0.084122,-0.014631,0.000000,0.378450,-0.008,0.600,-0.028358,0.053015,0.000000,-0.056716,0.000000,0.138792,1,50.35
2.046000,0.007,-0.300000,-0.136746,4.470,7.25,0.083200,-0.014185,0.000000,0.591449,-0.008,0.600,-0.028358,0.053015,0.000000,-0.056716,0.000000,0.138792,1,50.35
2.048000,0.007,-0.300000,-0.136746,4.470,7.25,0.081978,-0.013669,0.000000,0.543880,-0.008,0.600,-0.028358,0.053015,0.000000,-0.056716,0.000000,0.138792,1,50.35
2.050000,0.007,-0.300000,-0.136746,4.470,7.25,0.080454,-0.013083,0.000000,0.564938,-0.008,0.600,-0.028358,0.053015,0.000000,-0.056716,0.000000,0.138792,1,50.35
2.052000,0.006,-0.300000,-0.136746,4.470,7.25,0.078629,-0.012428,0.000000,0.806045,-0.007,0.600,-0.028358,0.053015,0.000000,-0.056716,0.000000,0.138792,1,50.35
2.054000,0.006,-0.300000,-0.136746,4.470,7.25,0.076500,-0.011706,0.000000,1.002199,-0.007,0.600,-0.028358,0.053015,0.000000,-0.056716,0.000000,0.138792,1,50.35
2.056000,0.005,-0.300000,-0.136746,4.470,7.24,0.074067,-0.010916,0.000000,0.792065,-0.007,0.600,-0.028358,0.053015,0.000000,-0.056716,0.000000,0.138792,1,50.35
2.058000,0.005,-0.300000,-0.136746,4.470,7.24,0.071331,-0.010062,0.000000,1.040955,-0.007,0.600,-0.028358,0.053015,0.000000,-0.056716,0.000000,0.138792,1,50.35
2.060000,0.005,-0.300000,-0.136746,4.470,7.24,0.068291,-0.009143,0.000000,1.468499,-0.006,0.600,-0.028358,0.053015,0.000000,-0.056716,0.000000,0.138792,1,50.35
2.062000,0.004,-0.300000,-0.136746,4.470,7.24,0.064947,-0.008161,0.000000,1.617531,-0.006,0.600,-0.028358,0.053015,0.000000,-0.056716,0.000000,0.138792,1,50.35
2.064000,0.004,-0.300000,-0.136746,4.470,7.24,0.061294,-0.007118,0.000000,1.283331,-0.005,0.600,-0.028358,0.053015,0.000000,-0.056716,0.000000,0.138792,1,50.35
2.066000,0.003,-0.300000,-0.136746,4.470,7.24,0.057334,-0.006018,0.000000,1.580255,-0.005,0.600,-0.028358,0.053015,0.000000,-0.056716,0.000000,0.138792,1,50.35
2.068000,0.002,-0.300000,-0.136746,4.470,7.24,0.053452,-0.004930,0.000000,1.758364,-0.005,0.600,-0.028358,0.053015,0.000000,-0.056716,0.000000,0.138792,1,50.35
2.070000,0.002,-0.300000,-0.136746,4.470,7.24,0.049648,-0.003874,0.000000,1.791112,-0.004,0.600,-0.028358,0.053015,0.000000,-0.056716,0.000000,0.138792,1,50.35
2.072000,0.001,-0.300000,-0.136746,4.470,7.24,0.045920,-0.002848,0.000000,1.325814,-0.004,0.600,-0.028358,0.053015,0.000000,-0.056716,0.000000,0.138792,1,50.35
2.074000,0.001,-0.300000,-0.136746,4.470,7.24,0.042267,-0.001848,0.000000,1.573605,-0.003,0.600,-0.028358,0.053015,0.000000,-0.056716,0.000000,0.138792,1,50.35
2.076000,0.000,-0.300000,-0.136746,4.470,7.24,0.038686,-0.000874,0.000000,1.621875,-0.002,0.600,-0.028358,0.053015,0.000000,-0.056716,0.000000,0.138792,1,50.35
2.078000,-0.000,-0.300000,-0.136746,4.470,7.24,0.035178,0.000074,0.000000,1.636311,-0.002,0.600,-0.028358,0.053015,0.000000,-0.056716,0.000000,0.138792,1,50.35
2.080000,-0.000,-0.300000,-0.136746,4.470,7.24,0.031739,0.000997,0.000000,1.187800,-0.001,0.600,-0.028358,0.053015,0.000000,-0.056716,0.000000,0.138792,1,50.35
2.082000,-0.001,-0.300000,-0.136746,4.470,7.24,0.028369,0.001895,0.000000,1.171994,-0.001,0.600,-0.028358,0.053015,0.000000,-0.056716,0.000000,0.138792,1,50.35
2.084000,-0.001,-0.300000,-0.136746,4.470,7.24,0.025067,0.002768,0.000000,1.173345,-0.000,0.600,-0.028358,0.053015,0.000000,-0.056716,0.000000,0.138792,1,50.35
2.086000,-0.002,-0.300000,-0.136746,4.470,7.24,0.021831,0.003618,0.000000,1.133295,0.000,0.600,-0.028358,0.053015,0.000000,-0.056716,0.000000,0.138792,1,50.35
2.088000,-0.002,-0.300000,-0.136746,4.470,7.24,0.018659,0.004444,0.000000,0.700155,0.000,0.600,-0.028358,0.053015,0.000000,-0.056716,0.000000,0.138792,1,50.35
2.090000,-0.003,-0.300000,-0.136746,4.470,7.24,0.015551,0.005246,0.000000,0.893419,0.001,0.600,-0.028358,0.053015,0.000000,-0.056716,0.000000,0.138792,1,50.35
2.092000,-0.003,-0.300000,-0.136746,4.470,7.24,0.012505,0.006025,0.000000,1.306400,0.001,0.600,-0.028358,0.053015,0.000000,-0.056716,0.000000,0.138792,1,50.35
2.094000,-0.003,-0.300000,-0.136746,4.470,7.24,0.009520,0.006782,0.000000,1.327966,0.002,0.600,-0.028358,0.053015,0.000000,-0.056716,0.000000,0.138792,1,50.35
2.096000,-0.004,-0.300000,-0.136746,4.470,7.24,0.006594,0.007516,0.000000,1.030294,0.002,0.600,-0.028358,0.053015,0.000000,-0.056716,0.000000,0.138792,1,50.35
2.098000,-0.004,-0.300000,-0.136746,4.470,7.24,0.003727,0.008227,0.000000,1.204703,0.003,0.600,-0.028358,0.053015,0.000000,-0.056716,0.000000,0.138792,1,50.35
2.100000,-0.004,-0.009092,0.008318,4.485,7.24,0.000918,0.008917,0.000000,0.000176,0.000,0.018,-0.027526,0.051459,0.000000,-0.055051,0.000000,0.134719,1,50.21
2.102000,-0.005,-0.280881,-0.127576,4.485,7.25,-0.001533,0.009519,0.000000,0.271362,0.000,0.562,-0.027526,0.051459,0.000000,-0.055051,0.000000,0.134719,1,50.21
2.104000,-0.005,-0.300000,-0.137135,4.485,7.25,-0.004053,0.010125,0.000000,0.303980,0.000,0.600,-0.027526,0.051459,0.000000,-0.055051,0.000000,0.134719,1,50.21
2.106000,-0.005,-0.300000,-0.137135,4.485,7.25,-0.006715,0.010753,0.000000,0.348870,0.000,0.600,-0.027526,0.051459,0.000000,-0.055051,0.000000,0.134719,1,50.21
2.108000,-0.006,-0.300000,-0.137135,4.485,7.26,-0.009323,0.011361,0.000000,0.618207,0.004,0.600,-0.027526,0.051459,0.000000,-0.055051,0.000000,0.134719,1,50.21
2.110000,-0.006,-0.300000,-0.137135,4.485,7.26,-0.011879,0.011948,0.000000,0.885550,0.005,0.600,-0.027526,0.051459,0.000000,-0.055051,0.000000,0.134719,1,50.21
2.112000,-0.006,-0.300000,-0.137135,4.485,7.26,-0.014385,0.012515,0.000000,0.636532,0.005,0.600,-0.027526,0.051459,0.000000,-0.055051,0.000000,0.134719,1,50.21
2.114000,-0.007,-0.300000,-0.137135,4.485,7.26,-0.016840,0.013060,0.000000,0.779095,0.005,0.600,-0.027526,0.051459,0.000000,-0.055051,0.000000,0.134719,1,50.21
2.116000,-0.007,-0.300000,-0.137135,4.485,7.26,-0.019246,0.013585,0.000000,1.047980,0.006,0.600,-0.027526,0.051459,0.000000,-0.055051,0.000000,0.134719,1,50.21
2.118000,-0.007,-0.300000,-0.137135,4.485,7.26,-0.021604,0.014090,0.000000,1.056117,0.006,0.600,-0.027526,0.051459,0.000000,-0.055051,0.000000,0.134719,1,50.21
2.120000,-0.007,-0.300000,-0.137135,4.485,7.26,-0.023914,0.014574,0.000000,0.813897,0.006,0.600,-0.027526,0.051459,0.000000,-0.055051,0.000000,0.134719,1,50.21
2.122000,-0.008,-0.300000,-0.137135,4.485,7.26,-0.026179,0.015039,0.000000,0.939902,0.007,0.600,-0.027526,0.051459,0.000000,-0.055051,0.000000,0.134719,1,50.21
2.124000,-0.008,-0.300000,-0.137135,4.485,7.26,-0.028398,0.015484,0.000000,0.993548,0.007,0.600,-0.027526,0.051459,0.000000,-0.055051,0.000000,0.134719,1,50.21
2.126000,-0.008,-0.300000,-0.137135,4.485,7.26,-0.030573,0.015910,0.000000,0.896133,0.007,0.600,-0.027526,0.051459,0.000000,-0.055051,0.000000,0.134719,1,50.21
2.128000,-0.008,-0.300000,-0.137135,4.485,7.26,-0.032704,0.016316,0.000000,0.640361,0.007,0.600,-0.027526,0.051459,0.000000,-0.055051,0.000000,0.134719,1,50.21
2.130000,-0.008,-0.300000,-0.137135,4.485,7.27,-0.034793,0.016704,0.000000,0.644872,0.008,0.600,-0.027526,0.051459,0.000000,-0.055051,0.000000,0.134719,1,50.21
2.132000,-0.009,-0.300000,-0.137135,4.485,7.27,-0.036840,0.017073,0.000000,0.652674,0.008,0.600,-0.027526,0.051459,0.000000,-0.055051,0.000000,0.134719,1,50.21
2.134000,-0.009,-0.300000,-0.137135,4.485,7.27,-0.038846,0.017423,0.000000,0.424623,0.008,0.600,-0.027526,0.051459,0.000000,-0.055051,0.000000,0.134719,1,50.21
2.136000,-0.009,-0.230173,-0.102222,4.485,7.27,-0.040811,0.017754,0.000000,0.212419,0.008,0.460,-0.027526,0.051459,0.000000,-0.055051,0.000000,0.134719,1,50.21
2.138000,-0.009,-0.274664,-0.124467,4.485,7.27,-0.042417,0.017999,0.000000,0.256665,0.008,0.549,-0.027526,0.051459,0.000000,-0.055051,0.000000,0.134719,1,50.21
2.140000,-0.009,-0.300000,-0.135885,4.435,7.27,-0.044058,0.018239,0.000000,0.328718,0.009,0.600,-0.030721,0.056459,0.000000,-0.061443,0.000000,0.150360,1,50.15
2.142000,-0.009,-0.300000,-0.135885,4.435,7.25,-0.045894,0.018511,0.000000,0.285514,0.009,0.600,-0.030721,0.056459,0.000000,-0.061443,0.000000,0.150360,1,50.15
2.144000,-0.009,-0.300000,-0.135885,4.435,7.24,-0.047694,0.018770,0.000000,0.298146,0.009,0.600,-0.030721,0.056459,0.000000,-0.061443,0.000000,0.150360,1,50.15
2.146000,-0.010,-0.300000,-0.135885,4.435,7.23,-0.049458,0.019012,0.000000,0.361925,0.009,0.600,-0.030721,0.056459,0.000000,-0.061443,0.000000,0.150360,1,50.15
2.148000,-0.010,-0.300000,-0.135885,4.435,7.22,-0.051186,0.019237,0.000000,0.394943,0.009,0.600,-0.030721,0.056459,0.000000,-0.061443,0.000000,0.150360,1,50.15
2.150000,-0.010,-0.300000,-0.135885,4.435,7.21,-0.052880,0.019445,0.000000,0.392434,0.009,0.600,-0.030721,0.056459,0.000000,-0.061443,0.000000,0.150360,1,50.15
2.152000,-0.010,-0.300000,-0.135885,4.435,7.21,-0.054540,0.019636,0.000000,0.289697,0.009,0.600,-0.030721,0.056459,0.000000,-0.061443,0.000000,0.150360,1,50.15
2.154000,-0.010,-0.300000,-0.135885,4.435,7.20,-0.056167,0.019811,0.000000,0.328143,0.010,0.600,-0.030721,0.056459,0.000000,-0.061443,0.000000,0.150360,1,50.15
2.156000,-0.010,-0.294632,-0.133202,4.435,7.20,-0.057762,0.019970,0.000000,0.274662,0.010,0.589,-0.030721,0.056459,0.000000,-0.061443,0.000000,0.150360,1,50.15
2.158000,-0.010,-0.250348,-0.111059,4.435,7.20,-0.059270,0.020101,0.000000,0.230246,0.010,0.501,-0.030721,0.056459,0.000000,-0.061443,0.000000,0.150360,1,50.15
2.160000,-0.010,-0.152330,-0.062051,4.435,7.19,-0.060416,0.020145,0.000000,0.132185,0.010,0.305,-0.030721,0.056459,0.000000,-0.061443,0.000000,0.150360,1,50.15
2.162000,-0.010,-0.130973,-0.051372,4.435,7.19,-0.061214,0.020103,0.000000,0.110869,0.010,0.262,-0.030721,0.056459,0.000000,-0.061443,0.000000,0.150360,1,50.15
2.164000,-0.010,-0.032400,-0.002085,4.435,7.19,-0.061664,0.019977,0.000000,0.012423,0.010,0.065,-0.030721,0.056459,0.000000,-0.061443,0.000000,0.150360,1,50.15
2.166000,-0.010,0.077661,0.052945,4.435,7.19,-0.061768,0.019766,0.000000,-0.097427,0.010,0.155,-0.030721,0.056459,0.000000,-0.061443,0.000000,0.150360,1,50.15
2.168000,-0.010,0.146439,0.087334,4.435,7.19,-0.061533,0.019474,0.000000,-0.165913,0.010,0.293,-0.030721,0.056459,0.000000,-0.061443,0.000000,0.150360,1,50.15
2.170000,-0.010,0.251595,0.139912,4.435,7.19,-0.060973,0.019106,0.000000,-0.270701,0.010,0.503,-0.030721,0.056459,0.000000,-0.061443,0.000000,0.150360,1,50.15
2.172000,-0.009,0.300000,0.164115,4.435,7.19,-0.060089,0.018662,0.000000,-0.434366,0.010,0.600,-0.030721,0.056459,0.000000,-0.061443,0.000000,0.150360,1,50.15
2.174000,-0.009,0.300000,0.164115,4.435,7.19,-0.058880,0.018144,0.000000,-0.643827,0.010,0.600,-0.030721,0.056459,0.000000,-0.061443,0.000000,0.150360,1,50.15
2.176000,-0.009,0.300000,0.164115,4.435,7.19,-0.057347,0.017553,0.000000,-0.578767,0.010,0.600,-0.030721,0.056459,0.000000,-0.061443,0.000000,0.150360,1,50.15
2.178000,-0.008,0.300000,0.164115,4.435,7.19,-0.055491,0.016891,0.000000,-0.607661,0.010,0.600,-0.030721,0.056459,0.000000,-0.061443,0.000000,0.150360,1,50.15
2.180000,-0.008,0.300000,0.164115,4.435,7.19,-0.053313,0.016158,0.000000,-0.722925,0.009,0.600,-0.030721,0.056459,0.000000,-0.061443,0.000000,0.150360,1,50.15
2.182000,-0.008,0.300000,0.164115,4.435,7.19,-0.050812,0.015356,0.000000,-0.893829,0.009,0.600,-0.030721,0.056459,0.000000,-0.061443,0.000000,0.150360,1,50.15
2.184000,-0.007,0.300000,0.164115,4.435,7.19,-0.047992,0.014487,0.000000,-0.667565,0.009,0.600,-0.030721,0.056459,0.000000,-0.061443,0.000000,0.150360,1,50.15
2.186000,-0.007,0.300000,0.164115,4.435,7.19,-0.044853,0.013552,0.000000,-0.638809,0.008,0.600,-0.030721,0.056459,0.000000,-0.061443,0.000000,0.150360,1,50.15
2.188000,-0.006,0.300000,0.164115,4.435,7.19,-0.041397,0.012553,0.000000,-0.991300,0.008,0.600,-0.030721,0.056459,0.000000,-0.061443,0.000000,0.150360,1,50.15
2.190000,-0.006,0.300000,0.164115,4.435,7.19,-0.037626,0.011491,0.000000,-1.220794,0.008,0.600,-0.030721,0.056459,0.000000,-0.061443,0.000000,0.150360,1,50.15
2.192000,-0.005,0.300000,0.164115,4.435,7.19,-0.033592,0.010379,0.000000,-0.916562,0.007,0.600,-0.030721,0.056459,0.000000,-0.061443,0.000000,0.150360,1,50.15
2.194000,-0.005,0.300000,0.164115,4.435,7.19,-0.029637,0.009289,0.000000,-1.221712,0.007,0.600,-0.030721,0.056459,0.000000,-0.061443,0.000000,0.150360,1,50.15
2.196000,-0.004,0.300000,0.164115,4.435,7.19,-0.025762,0.008227,0.000000,-1.738195,0.006,0.600,-0.030721,0.056459,0.000000,-0.061443,0.000000,0.150360,1,50.15
2.198000,-0.004,0.300000,0.164115,4.435,7.19,-0.021965,0.007193,0.000000,-1.861110,0.006,0.600,-0.030721,0.056459,0.000000,-0.061443,0.000000,0.150360,1,50.15
2.200000,-0.003,-0.006305,0.010583,4.451,7.19,-0.018243,0.006186,0.000000,0.000118,0.000,0.013,-0.029388,0.054940,0.000000,-0.058775,0.000000,0.143832,1,50.18
2.202000,-0.003,0.249960,0.138715,4.451,7.19,-0.014904,0.005272,0.000000,-0.255232,0.000,0.500,-0.029388,0.054940,0.000000,-0.058775,0.000000,0.143832,1,50.18
2.204000,-0.002,0.300000,0.163735,4.451,7.19,-0.011832,0.004426,0.000000,-0.639689,0.000,0.600,-0.029388,0.054940,0.000000,-0.058775,0.000000,0.143832,1,50.18
2.206000,-0.002,0.300000,0.163735,4.451,7.20,-0.008447,0.003524,0.000000,-1.054673,0.000,0.600,-0.029388,0.054940,0.000000,-0.058775,0.000000,0.143832,1,50.18
2.208000,-0.001,0.300000,0.163735,4.451,7.20,-0.005003,0.002616,0.000000,-1.097791,0.003,0.600,-0.029388,0.054940,0.000000,-0.058775,0.000000,0.143832,1,50.18
2.210000,-0.001,0.300000,0.163735,4.451,7.20,-0.001628,0.001730,0.000000,-1.168716,0.003,0.600,-0.029388,0.054940,0.000000,-0.058775,0.000000,0.143832,1,50.18
2.212000,-0.000,0.300000,0.163735,4.451,7.20,0.001679,0.000867,0.000000,-1.220357,0.002,0.600,-0.029388,0.054940,0.000000,-0.058775,0.000000,0.143832,1,50.18
2.214000,-0.000,0.300000,0.163735,4.451,7.20,0.004920,0.000028,0.000000,-1.238859,0.002,0.600,-0.029388,0.054940,0.000000,-0.058775,0.000000,0.143832,1,50.18
2.216000,0.000,0.300000,0.163735,4.451,7.21,0.008096,-0.000787,0.000000,-0.848606,0.001,0.600,-0.029388,0.054940,0.000000,-0.058775,0.000000,0.143832,1,50.18
2.218000,0.001,0.300000,0.163735,4.451,7.21,0.011209,-0.001580,0.000000,-1.029635,0.001,0.600,-0.029388,0.054940,0.000000,-0.058775,0.000000,0.143832,1,50.18
2.220000,0.001,0.300000,0.163735,4.451,7.21,0.014260,-0.002350,0.000000,-1.285833,0.000,0.600,-0.029388,0.054940,0.000000,-0.058775,0.000000,0.143832,1,50.18
2.222000,0.002,0.300000,0.163735,4.451,7.21,0.017249,-0.003096,0.000000,-1.344373,0.000,0.600,-0.029388,0.054940,0.000000,-0.058775,0.000000,0.143832,1,50.18
2.224000,0.002,0.300000,0.163735,4.451,7.21,0.020179,-0.003817,0.000000,-0.974989,-0.000,0.600,-0.029388,0.054940,0.000000,-0.058775,0.000000,0.143832,1,50.18
2.226000,0.002,0.300000,0.163735,4.451,7.21,0.023050,-0.004516,0.000000,-1.180825,-0.001,0.600,-0.029388,0.054940,0.000000,-0.058775,0.000000,0.143832,1,50.18
2.228000,0.003,0.300000,0.163735,4.451,7.21,0.025864,-0.005193,0.000000,-1.295093,-0.001,0.600,-0.029388,0.054940,0.000000,-0.058775,0.000000,0.143832,1,50.18
2.230000,0.003,0.300000,0.163735,4.451,7.21,0.028622,-0.005848,0.000000,-1.325593,-0.002,0.600,-0.029388,0.054940,0.000000,-0.058775,0.000000,0.143832,1,50.18
2.232000,0.003,0.300000,0.163735,4.451,7.21,0.031324,-0.006481,0.000000,-0.972632,-0.002,0.600,-0.029388,0.054940,0.000000,-0.058775,0.000000,0.143832,1,50.18
2.234000,0.004,0.300000,0.163735,4.451,7.21,0.033972,-0.007093,0.000000,-1.120912,-0.002,0.600,-0.029388,0.054940,0.000000,-0.058775,0.000000,0.143832,1,50.18
2.236000,0.004,0.300000,0.163735,4.451,7.21,0.036567,-0.007683,0.000000,-1.171514,-0.003,0.600,-0.029388,0.054940,0.000000,-0.058775,0.000000,0.143832,1,50.18
2.238000,0.004,0.300000,0.163735,4.451,7.21,0.039111,-0.008253,0.000000,-0.834364,-0.003,0.600,-0.029388,0.054940,0.000000,-0.058775,0.000000,0.143832,1,50.18
2.240000,0.004,0.300000,0.163143,4.474,7.21,0.041603,-0.008801,0.000000,-0.481806,-0.003,0.600,-0.028122,0.052573,0.000000,-0.056244,0.000000,0.137637,1,50.33
2.242000,0.005,0.300000,0.163143,4.474,7.22,0.044034,-0.009326,0.000000,-0.603473,-0.004,0.600,-0.028122,0.052573,0.000000,-0.056244,0.000000,0.137637,1,50.33
2.244000,0.005,0.300000,0.163143,4.474,7.22,0.046416,-0.009830,0.000000,-0.625115,-0.004,0.600,-0.028122,0.052573,0.000000,-0.056244,0.000000,0.137637,1,50.33
2.246000,0.005,0.300000,0.163143,4.474,7.23,0.048751,-0.010314,0.000000,-0.604308,-0.004,0.600,-0.028122,0.052573,0.000000,-0.056244,0.000000,0.137637,1,50.33
2.248000,0.005,0.300000,0.163143,4.474,7.23,0.051039,-0.010779,0.000000,-0.626002,-0.004,0.600,-0.028122,0.052573,0.000000,-0.056244,0.000000,0.137637,1,50.33
2.250000,0.006,0.300000,0.163143,4.474,7.24,0.053281,-0.011223,0.000000,-0.750416,-0.005,0.600,-0.028122,0.052573,0.000000,-0.056244,0.000000,0.137637,1,50.33
2.252000,0.006,0.300000,0.163143,4.474,7.24,0.055478,-0.011648,0.000000,-0.823519,-0.005,0.600,-0.028122,0.052573,0.000000,-0.056244,0.000000,0.137637,1,50.33
2.254000,0.006,0.300000,0.163143,4.474,7.24,0.057632,-0.012054,0.000000,-0.817508,-0.005,0.600,-0.028122,0.052573,0.000000,-0.056244,0.000000,0.137637,1,50.33
2.256000,0.006,0.300000,0.163143,4.474,7.24,0.059742,-0.012441,0.000000,-0.575465,-0.005,0.600,-0.028122,0.052573,0.000000,-0.056244,0.000000,0.137637,1,50.33
2.258000,0.006,0.300000,0.163143,4.474,7.24,0.061810,-0.012808,0.000000,-0.578463,-0.006,0.600,-0.028122,0.052573,0.000000,-0.056244,0.000000,0.137637,1,50.33
2.260000,0.007,0.300000,0.163143,4.474,7.24,0.063837,-0.013157,0.000000,-0.604147,-0.006,0.600,-0.028122,0.052573,0.000000,-0.056244,0.000000,0.137637,1,50.33
2.262000,0.007,0.300000,0.163143,4.474,7.24,0.065823,-0.013487,0.000000,-0.588484,-0.006,0.600,-0.028122,0.052573,0.000000,-0.056244,0.000000,0.137637,1,50.33
2.264000,0.007,0.300000,0.163143,4.474,7.25,0.067769,-0.013799,0.000000,-0.399839,-0.006,0.600,-0.028122,0.052573,0.000000,-0.056244,0.000000,0.137637,1,50.33
2.266000,0.007,0.300000,0.163143,4.474,7.25,0.069677,-0.014092,0.000000,-0.480068,-0.006,0.600,-0.028122,0.052573,0.000000,-0.056244,0.000000,0.137637,1,50.33
2.268000,0.007,0.300000,0.163143,4.474,7.25,0.071546,-0.014368,0.000000,-0.615154,-0.007,0.600,-0.028122,0.052573,0.000000,-0.056244,0.000000,0.137637,1,50.33
2.270000,0.007,0.300000,0.163143,4.474,7.25,0.073378,-0.014625,0.000000,-0.606338,-0.007,0.600,-0.028122,0.052573,0.000000,-0.056244,0.000000,0.137637,1,50.33
2.272000,0.007,0.300000,0.163143,4.474,7.25,0.075173,-0.014864,0.000000,-0.426214,-0.007,0.600,-0.028122,0.052573,0.000000,-0.056244,0.000000,0.137637,1,50.33
2.274000,0.008,0.300000,0.163143,4.474,7.25,0.076933,-0.015086,0.000000,-0.485388,-0.007,0.600,-0.028122,0.052573,0.000000,-0.056244,0.000000,0.137637,1,50.33
2.276000,0.008,0.300000,0.163143,4.474,7.25,0.078657,-0.015290,0.000000,-0.491518,-0.007,0.600,-0.028122,0.052573,0.000000,-0.056244,0.000000,0.137637,1,50.33
2.278000,0.008,0.300000,0.163143,4.474,7.25,0.080347,-0.015477,0.000000,-0.442412,-0.007,0.600,-0.028122,0.052573,0.000000,-0.056244,0.000000,0.137637,1,50.33
2.280000,0.008,0.300000,0.163143,4.474,7.25,0.082003,-0.015646,0.000000,-0.299815,-0.007,0.600,-0.028122,0.052573,0.000000,-0.056244,0.000000,0.137637,1,50.33
2.282000,0.008,0.300000,0.163143,4.474,7.25,0.083626,-0.015799,0.000000,-0.327801,-0.008,0.600,-0.028122,0.052573,0.000000,-0.056244,0.000000,0.137637,1,50.33
2.284000,0.008,0.300000,0.163143,4.474,7.25,0.085216,-0.015934,0.000000,-0.321366,-0.008,0.600,-0.028122,0.052573,0.000000,-0.056244,0.000000,0.137637,1,50.33
2.286000,0.008,0.287145,0.156716,4.474,7.25,0.086775,-0.016053,0.000000,-0.271092,-0.008,0.574,-0.028122,0.052573,0.000000,-0.056244,0.000000,0.137637,1,50.33
2.288000,0.008,0.178911,0.102599,4.474,7.25,0.088174,-0.016128,0.000000,-0.162783,-0.008,0.358,-0.028122,0.052573,0.000000,-0.056244,0.000000,0.137637,1,50.33
2.290000,0.008,0.175263,0.100775,4.474,7.25,0.089243,-0.016122,0.000000,-0.159141,-0.008,0.351,-0.028122,0.052573,0.000000,-0.056244,0.000000,0.137637,1,50.33
2.292000,0.008,0.102868,0.064578,4.474,7.25,0.089987,-0.016036,0.000000,-0.086832,-0.008,0.206,-0.028122,0.052573,0.000000,-0.056244,0.000000,0.137637,1,50.33
2.294000,0.008,-0.042298,-0.008006,4.474,7.25,0.090407,-0.015870,0.000000,0.058168,-0.008,0.085,-0.028122,0.052573,0.000000,-0.056244,0.000000,0.137637,1,50.33
2.296000,0.008,-0.106460,-0.040087,4.474,7.25,0.090502,-0.015625,0.000000,0.122085,-0.008,0.213,-0.028122,0.052573,0.000000,-0.056244,0.000000,0.137637,1,50.33
2.298000,0.008,-0.184676,-0.079195,4.474,7.25,0.090277,-0.015303,0.000000,0.199979,-0.008,0.369,-0.028122,0.052573,0.000000,-0.056244,0.000000,0.137637,1,50.33
2.300000,0.007,0.015190,0.020621,4.479,7.25,0.089764,-0.014912,0.000000,-0.000278,0.000,0.030,-0.027870,0.052103,0.000000,-0.055741,0.000000,0.136406,1,50.48
2.302000,0.007,-0.209489,-0.091719,4.479,7.25,0.088964,-0.014454,0.000000,0.223943,0.000,0.419,-0.027870,0.052103,0.000000,-0.055741,0.000000,0.136406,1,50.48
2.304000,0.007,-0.234255,-0.104102,4.479,7.25,0.087876,-0.013929,0.000000,0.248184,0.000,0.469,-0.027870,0.052103,0.000000,-0.055741,0.000000,0.136406,1,50.48
2.306000,0.007,-0.300000,-0.136974,4.479,7.25,0.086502,-0.013339,0.000000,0.440093,0.000,0.600,-0.027870,0.052103,0.000000,-0.055741,0.000000,0.136406,1,50.48
2.308000,0.006,-0.300000,-0.136974,4.479,7.25,0.084844,-0.012686,0.000000,0.739460,-0.007,0.600,-0.027870,0.052103,0.000000,-0.055741,0.000000,0.136406,1,50.48
2.310000,0.006,-0.300000,-0.136974,4.479,7.25,0.082904,-0.011971,0.000000,1.058263,-0.007,0.600,-0.027870,0.052103,0.000000,-0.055741,0.000000,0.136406,1,50.48
2.312000,0.006,-0.300000,-0.136974,4.479,7.25,0.080683,-0.011195,0.000000,0.873672,-0.007,0.600,-0.027870,0.052103,0.000000,-0.055741,0.000000,0.136406,1,50.48
2.314000,0.005,-0.300000,-0.136974,4.479,7.25,0.078183,-0.010360,0.000000,0.913592,-0.007,0.600,-0.027870,0.052103,0.000000,-0.055741,0.000000,0.136406,1,50.48
2.316000,0.005,-0.300000,-0.136974,4.479,7.25,0.075407,-0.009467,0.000000,1.108230,-0.006,0.600,-0.027870,0.052103,0.000000,-0.055741,0.000000,0.136406,1,50.48
2.318000,0.004,-0.300000,-0.136974,4.479,7.25,0.072358,-0.008519,0.000000,1.186938,-0.006,0.600,-0.027870,0.052103,0.000000,-0.055741,0.000000,0.136406,1,50.48
2.320000,0.004,-0.300000,-0.136974,4.479,7.25,0.069034,-0.007516,0.000000,0.899873,-0.006,0.600,-0.027870,0.052103,0.000000,-0.055741,0.000000,0.136406,1,50.48
2.322000,0.003,-0.300000,-0.136974,4.479,7.26,0.065435,-0.006462,0.000000,1.138240,-0.005,0.600,-0.027870,0.052103,0.000000,-0.055741,0.000000,0.136406,1,50.48
2.324000,0.003,-0.300000,-0.136974,4.479,7.26,0.061556,-0.005360,0.000000,1.558249,-0.005,0.600,-0.027870,0.052103,0.000000,-0.055741,0.000000,0.136406,1,50.48
2.326000,0.002,-0.300000,-0.136974,4.479,7.26,0.057585,-0.004241,0.000000,1.638679,-0.004,0.600,-0.027870,0.052103,0.000000,-0.055741,0.000000,0.136406,1,50.48
2.328000,0.002,-0.300000,-0.136974,4.479,7.26,0.053694,-0.003142,0.000000,1.308709,-0.004,0.600,-0.027870,0.052103,0.000000,-0.055741,0.000000,0.136406,1,50.48
2.330000,0.001,-0.300000,-0.136974,4.479,7.26,0.049881,-0.002070,0.000000,1.593432,-0.003,0.600,-0.027870,0.052103,0.000000,-0.055741,0.000000,0.136406,1,50.48
2.332000,0.001,-0.300000,-0.136974,4.479,7.26,0.046144,-0.001024,0.000000,1.733794,-0.003,0.600,-0.027870,0.052103,0.000000,-0.055741,0.000000,0.136406,1,50.48
2.334000,0.000,-0.300000,-0.136974,4.479,7.26,0.042481,-0.000004,0.000000,1.345041,-0.002,0.600,-0.027870,0.052103,0.000000,-0.055741,0.000000,0.136406,1,50.48
2.336000,-0.000,-0.300000,-0.136974,4.479,7.26,0.038892,0.000990,0.000000,0.904678,-0.002,0.600,-0.027870,0.052103,0.000000,-0.055741,0.000000,0.136406,1,50.48
2.338000,-0.001,-0.300000,-0.136974,4.479,7.26,0.035375,0.001960,0.000000,1.168955,-0.001,0.600,-0.027870,0.052103,0.000000,-0.055741,0.000000,0.136406,1,50.48
2.340000,-0.001,-0.300000,-0.136974,4.479,7.26,0.031928,0.002905,0.000000,1.294291,-0.001,0.600,-0.027870,0.052103,0.000000,-0.055741,0.000000,0.136406,1,50.48
2.342000,-0.002,-0.300000,-0.136974,4.479,7.26,0.028549,0.003827,0.000000,0.877519,-0.000,0.600,-0.027870,0.052103,0.000000,-0.055741,0.000000,0.136406,1,50.48
2.344000,-0.002,-0.300000,-0.136974,4.479,7.26,0.025239,0.004724,0.000000,0.790666,0.000,0.600,-0.027870,0.052103,0.000000,-0.055741,0.000000,0.136406,1,50.48
2.346000,-0.003,-0.300000,-0.136974,4.479,7.26,0.021995,0.005599,0.000000,1.012547,0.001,0.600,-0.027870,0.052103,0.000000,-0.055741,0.000000,0.136406,1,50.48
2.348000,-0.003,-0.300000,-0.136974,4.479,7.26,0.018815,0.006450,0.000000,1.118141,0.001,0.600,-0.027870,0.052103,0.000000,-0.055741,0.000000,0.136406,1,50.48
2.350000,-0.004,-0.300000,-0.136974,4.479,7.26,0.015699,0.007278,0.000000,1.067662,0.002,0.600,-0.027870,0.052103,0.000000,-0.055741,0.000000,0.136406,1,50.48
2.352000,-0.004,-0.300000,-0.136974,4.479,7.26,0.012646,0.008084,0.000000,1.099727,0.002,0.600,-0.027870,0.052103,0.000000,-0.055741,0.000000,0.136406,1,50.48
2.354000,-0.004,-0.300000,-0.136974,4.479,7.26,0.009653,0.008867,0.000000,1.345312,0.003,0.600,-0.027870,0.052103,0.000000,-0.055741,0.000000,0.136406,1,50.48
2.356000,-0.005,-0.300000,-0.136974,4.479,7.26,0.006721,0.009628,0.000000,1.452291,0.003,0.600,-0.027870,0.052103,0.000000,-0.055741,0.000000,0.136406,1,50.48
2.358000,-0.005,-0.300000,-0.136974,4.479,7.26,0.003847,0.010367,0.000000,1.108051,0.004,0.600,-0.027870,0.052103,0.000000,-0.055741,0.000000,0.136406,1,50.48
2.360000,-0.006,-0.300000,-0.137570,4.503,7.26,0.001030,0.011084,0.000000,0.732813,0.004,0.600,-0.026595,0.049720,0.000000,-0.053191,0.000000,0.130166,1,51.87
2.362000,-0.006,-0.300000,-0.137570,4.503,7.26,-0.001742,0.011783,0.000000,0.900199,0.004,0.600,-0.026595,0.049720,0.000000,-0.053191,0.000000,0.130166,1,51.87
2.364000,-0.006,-0.300000,-0.137570,4.503,7.27,-0.004458,0.012461,0.000000,1.011437,0.005,0.600,-0.026595,0.049720,0.000000,-0.053191,0.000000,0.130166,1,51.87
2.366000,-0.007,-0.300000,-0.137570,4.503,7.27,-0.007121,0.013117,0.000000,0.969762,0.005,0.600,-0.026595,0.049720,0.000000,-0.053191,0.000000,0.130166,1,51.87
2.368000,-0.007,-0.300000,-0.137570,4.503,7.28,-0.009730,0.013752,0.000000,0.927033,0.006,0.600,-0.026595,0.049720,0.000000,-0.053191,0.000000,0.130166,1,51.87
2.370000,-0.007,-0.300000,-0.137570,4.503,7.28,-0.012287,0.014366,0.000000,1.119596,0.006,0.600,-0.026595,0.049720,0.000000,-0.053191,0.000000,0.130166,1,51.87
2.372000,-0.007,-0.300000,-0.137570,4.503,7.28,-0.014792,0.014958,0.000000,0.964419,0.006,0.600,-0.026595,0.049720,0.000000,-0.053191,0.000000,0.130166,1,51.87
2.374000,-0.008,-0.300000,-0.137570,4.503,7.29,-0.017248,0.015531,0.000000,0.803393,0.007,0.600,-0.026595,0.049720,0.000000,-0.053191,0.000000,0.130166,1,51.87
2.376000,-0.008,-0.300000,-0.137570,4.503,7.29,-0.019655,0.016082,0.000000,0.507139,0.007,0.600,-0.026595,0.049720,0.000000,-0.053191,0.000000,0.130166,1,51.87
2.378000,-0.008,-0.300000,-0.137570,4.503,7.29,-0.022013,0.016614,0.000000,0.582545,0.007,0.600,-0.026595,0.049720,0.000000,-0.053191,0.000000,0.130166,1,51.87
2.380000,-0.009,-0.300000,-0.137570,4.503,7.29,-0.024324,0.017126,0.000000,0.568573,0.007,0.600,-0.026595,0.049720,0.000000,-0.053191,0.000000,0.130166,1,51.87
2.382000,-0.009,-0.300000,-0.137570,4.503,7.29,-0.026589,0.017617,0.000000,0.756416,0.008,0.600,-0.026595,0.049720,0.000000,-0.053191,0.000000,0.130166,1,51.87
2.384000,-0.009,-0.300000,-0.137570,4.503,7.29,-0.028809,0.018090,0.000000,0.573165,0.008,0.600,-0.026595,0.049720,0.000000,-0.053191,0.000000,0.130166,1,51.87
2.386000,-0.009,-0.300000,-0.137570,4.503,7.29,-0.030984,0.018543,0.000000,0.678510,0.008,0.600,-0.026595,0.049720,0.000000,-0.053191,0.000000,0.130166,1,51.87
2.388000,-0.009,-0.300000,-0.137570,4.503,7.29,-0.033116,0.018977,0.000000,0.678191,0.009,0.600,-0.026595,0.049720,0.000000,-0.053191,0.000000,0.130166,1,51.87
2.390000,-0.010,-0.300000,-0.137570,4.503,7.29,-0.035205,0.019392,0.000000,0.517745,0.009,0.600,-0.026595,0.049720,0.000000,-0.053191,0.000000,0.130166,1,51.87
2.392000,-0.010,-0.300000,-0.137570,4.503,7.29,-0.037252,0.019789,0.000000,0.284703,0.009,0.600,-0.026595,0.049720,0.000000,-0.053191,0.000000,0.130166,1,51.87
2.394000,-0.010,-0.300000,-0.137570,4.503,7.29,-0.039259,0.020167,0.000000,0.356096,0.009,0.600,-0.026595,0.049720,0.000000,-0.053191,0.000000,0.130166,1,51.87
2.396000,-0.010,-0.300000,-0.137570,4.503,7.29,-0.041225,0.020526,0.000000,0.407089,0.009,0.600,-0.026595,0.049720,0.000000,-0.053191,0.000000,0.130166,1,51.87
2.398000,-0.010,-0.300000,-0.137570,4.503,7.29,-0.043152,0.020868,0.000000,0.472882,0.010,0.600,-0.026595,0.049720,0.000000,-0.053191,0.000000,0.130166,1,51.87
2.400000,-0.011,-0.021573,0.002464,4.470,7.29,-0.045040,0.021191,0.000000,0.000382,0.000,0.043,-0.028351,0.053001,0.000000,-0.056701,0.000000,0.138757,1,51.59
2.402000,-0.011,-0.041155,-0.007327,4.470,7.28,-0.046621,0.021438,0.000000,0.019717,0.000,0.082,-0.028351,0.053001,0.000000,-0.056701,0.000000,0.138757,1,51.59
2.404000,-0.011,-0.115760,-0.044630,4.470,7.27,-0.047902,0.021610,0.000000,0.094150,0.000,0.232,-0.028351,0.053001,0.000000,-0.056701,0.000000,0.138757,1,51.59
2.406000,-0.011,-0.169862,-0.071681,4.470,7.27,-0.048884,0.021708,0.000000,0.148155,0.000,0.340,-0.028351,0.053001,0.000000,-0.056701,0.000000,0.138757,1,51.59
2.408000,-0.011,-0.170713,-0.072106,4.470,7.26,-0.049572,0.021732,0.000000,0.148982,0.011,0.341,-0.028351,0.053001,0.000000,-0.056701,0.000000,0.138757,1,51.59
2.410000,-0.011,-0.158806,-0.066153,4.470,7.26,-0.050023,0.021696,0.000000,0.137110,0.011,0.318,-0.028351,0.053001,0.000000,-0.056701,0.000000,0.138757,1,51.59
2.412000,-0.011,-0.100483,-0.036991,4.470,7.26,-0.050346,0.021625,0.000000,0.078858,0.011,0.201,-0.028351,0.053001,0.000000,-0.056701,0.000000,0.138757,1,51.59
2.414000,-0.011,0.048961,0.037731,4.470,7.25,-0.050374,0.021485,0.000000,-0.070446,0.011,0.098,-0.028351,0.053001,0.000000,-0.056701,0.000000,0.138757,1,51.59
2.416000,-0.011,0.113598,0.070049,4.470,7.25,-0.050129,0.021278,0.000000,-0.134876,0.011,0.227,-0.028351,0.053001,0.000000,-0.056701,0.000000,0.138757,1,51.59
2.418000,-0.011,0.201139,0.113820,4.470,7.25,-0.049612,0.021007,0.000000,-0.222146,0.011,0.402,-0.028351,0.053001,0.000000,-0.056701,0.000000,0.138757,1,51.59
2.420000,-0.010,0.300000,0.163250,4.470,7.25,-0.048822,0.020672,0.000000,-0.381994,0.011,0.600,-0.028351,0.053001,0.000000,-0.056701,0.000000,0.138757,1,51.59
2.422000,-0.010,0.300000,0.163250,4.470,7.25,-0.047760,0.020275,0.000000,-0.552858,0.011,0.600,-0.028351,0.053001,0.000000,-0.056701,0.000000,0.138757,1,51.59
2.424000,-0.010,0.300000,0.163250,4.470,7.24,-0.046429,0.019815,0.000000,-0.500730,0.011,0.600,-0.028351,0.053001,0.000000,-0.056701,0.000000,0.138757,1,51.59
2.426000,-0.010,0.300000,0.163250,4.470,7.24,-0.044829,0.019296,0.000000,-0.532902,0.011,0.600,-0.028351,0.053001,0.000000,-0.056701,0.000000,0.138757,1,51.59
2.428000,-0.009,0.300000,0.163250,4.470,7.24,-0.042960,0.018716,0.000000,-0.697818,0.010,0.600,-0.028351,0.053001,0.000000,-0.056701,0.000000,0.138757,1,51.59
2.430000,-0.009,0.300000,0.163250,4.470,7.24,-0.040825,0.018079,0.000000,-0.822359,0.010,0.600,-0.028351,0.053001,0.000000,-0.056701,0.000000,0.138757,1,51.59
2.432000,-0.009,0.300000,0.163250,4.470,7.24,-0.038425,0.017384,0.000000,-0.634688,0.010,0.600,-0.028351,0.053001,0.000000,-0.056701,0.000000,0.138757,1,51.59
2.434000,-0.008,0.300000,0.163250,4.470,7.24,-0.035761,0.016634,0.000000,-0.847402,0.010,0.600,-0.028351,0.053001,0.000000,-0.056701,0.000000,0.138757,1,51.59
2.436000,-0.008,0.300000,0.163250,4.470,7.24,-0.032835,0.015829,0.000000,-1.224335,0.009,0.600,-0.028351,0.053001,0.000000,-0.056701,0.000000,0.138757,1,51.59
2.438000,-0.007,0.300000,0.163250,4.470,7.24,-0.029648,0.014971,0.000000,-1.425595,0.009,0.600,-0.028351,0.053001,0.000000,-0.056701,0.000000,0.138757,1,51.59
2.440000,-0.007,0.300000,0.163250,4.470,7.24,-0.026202,0.014062,0.000000,-1.167381,0.009,0.600,-0.028351,0.053001,0.000000,-0.056701,0.000000,0.138757,1,51.59
2.442000,-0.007,0.300000,0.163250,4.470,7.24,-0.022499,0.013102,0.000000,-1.428799,0.008,0.600,-0.028351,0.053001,0.000000,-0.056701,0.000000,0.138757,1,51.59
2.444000,-0.006,0.300000,0.163250,4.470,7.24,-0.018784,0.012146,0.000000,-1.195461,0.008,0.600,-0.028351,0.053001,0.000000,-0.056701,0.000000,0.138757,1,51.59
2.446000,-0.006,0.300000,0.163250,4.470,7.24,-0.015143,0.011216,0.000000,-0.789143,0.007,0.600,-0.028351,0.053001,0.000000,-0.056701,0.000000,0.138757,1,51.59
2.448000,-0.005,0.300000,0.163250,4.470,7.24,-0.011575,0.010311,0.000000,-0.361261,0.007,0.600,-0.028351,0.053001,0.000000,-0.056701,0.000000,0.138757,1,51.59
2.450000,-0.005,0.300000,0.163250,4.470,7.24,-0.008079,0.009431,0.000000,-0.542710,0.007,0.600,-0.028351,0.053001,0.000000,-0.056701,0.000000,0.138757,1,51.59
2.452000,-0.004,0.300000,0.163250,4.470,7.24,-0.004652,0.008577,0.000000,-0.666088,0.006,0.600,-0.028351,0.053001,0.000000,-0.056701,0.000000,0.138757,1,51.59
2.454000,-0.004,0.300000,0.163250,4.470,7.24,-0.001294,0.007747,0.000000,-1.011752,0.006,0.600,-0.028351,0.053001,0.000000,-0.056701,0.000000,0.138757,1,51.59
2.456000,-0.003,0.300000,0.163250,4.470,7.24,0.001997,0.006941,0.000000,-1.038853,0.005,0.600,-0.028351,0.053001,0.000000,-0.056701,0.000000,0.138757,1,51.59
2.458000,-0.003,0.300000,0.163250,4.470,7.24,0.005222,0.006159,0.000000,-1.221380,0.005,0.600,-0.028351,0.053001,0.000000,-0.056701,0.000000,0.138757,1,51.59
2.460000,-0.003,0.300000,0.162798,4.488,7.24,0.008383,0.005400,0.000000,-1.386981,0.004,0.600,-0.027384,0.051193,0.000000,-0.054767,0.000000,0.134023,1,51.63
2.462000,-0.002,0.300000,0.162798,4.488,7.25,0.011471,0.004666,0.000000,-1.299435,0.004,0.600,-0.027384,0.051193,0.000000,-0.054767,0.000000,0.134023,1,51.63
2.464000,-0.002,0.300000,0.162798,4.488,7.25,0.014498,0.003952,0.000000,-0.966597,0.003,0.600,-0.027384,0.051193,0.000000,-0.054767,0.000000,0.134023,1,51.63
2.466000,-0.002,0.300000,0.162798,4.488,7.26,0.017464,0.003259,0.000000,-1.140809,0.003,0.600,-0.027384,0.051193,0.000000,-0.054767,0.000000,0.134023,1,51.63
2.468000,-0.001,0.300000,0.162798,4.488,7.26,0.020371,0.002587,0.000000,-1.263593,0.003,0.600,-0.027384,0.051193,0.000000,-0.054767,0.000000,0.134023,1,51.63
2.470000,-0.001,0.300000,0.162798,4.488,7.26,0.023219,0.001936,0.000000,-1.217204,0.002,0.600,-0.027384,0.051193,0.000000,-0.054767,0.000000,0.134023,1,51.63
2.472000,-0.001,0.300000,0.162798,4.488,7.26,0.026011,0.001307,0.000000,-0.930445,0.002,0.600,-0.027384,0.051193,0.000000,-0.054767,0.000000,0.134023,1,51.63
2.474000,-0.000,0.300000,0.162798,4.488,7.26,0.028747,0.000699,0.000000,-1.107386,0.002,0.600,-0.027384,0.051193,0.000000,-0.054767,0.000000,0.134023,1,51.63
2.476000,-0.000,0.300000,0.162798,4.488,7.27,0.031428,0.000112,0.000000,-1.151126,0.001,0.600,-0.027384,0.051193,0.000000,-0.054767,0.000000,0.134023,1,51.63
2.478000,0.000,0.300000,0.162798,4.488,7.27,0.034055,-0.000454,0.000000,-1.117673,0.001,0.600,-0.027384,0.051193,0.000000,-0.054767,0.000000,0.134023,1,51.63
2.480000,0.000,0.300000,0.162798,4.488,7.27,0.036630,-0.000999,0.000000,-0.806412,0.001,0.600,-0.027384,0.051193,0.000000,-0.054767,0.000000,0.134023,1,51.63
2.482000,0.001,0.300000,0.162798,4.488,7.27,0.039153,-0.001525,0.000000,-0.814504,0.000,0.600,-0.027384,0.051193,0.000000,-0.054767,0.000000,0.134023,1,51.63
2.484000,0.001,0.300000,0.162798,4.488,7.27,0.041626,-0.002030,0.000000,-0.852202,0.000,0.600,-0.027384,0.051193,0.000000,-0.054767,0.000000,0.134023,1,51.63
2.486000,0.001,0.300000,0.162798,4.488,7.27,0.044050,-0.002514,0.000000,-0.819504,-0.000,0.600,-0.027384,0.051193,0.000000,-0.054767,0.000000,0.134023,1,51.63
2.488000,0.001,0.300000,0.162798,4.488,7.27,0.046425,-0.002975,0.000000,-0.539358,-0.000,0.600,-0.027384,0.051193,0.000000,-0.054767,0.000000,0.134023,1,51.63
2.490000,0.002,0.300000,0.162798,4.488,7.27,0.048752,-0.003413,0.000000,-0.632686,-0.001,0.600,-0.027384,0.051193,0.000000,-0.054767,0.000000,0.134023,1,51.63
2.492000,0.002,0.300000,0.162798,4.488,7.27,0.051033,-0.003830,0.000000,-0.804454,-0.001,0.600,-0.027384,0.051193,0.000000,-0.054767,0.000000,0.134023,1,51.63
2.494000,0.002,0.300000,0.162798,4.488,7.27,0.053269,-0.004228,0.000000,-0.784669,-0.001,0.600,-0.027384,0.051193,0.000000,-0.054767,0.000000,0.134023,1,51.63
2.496000,0.002,0.300000,0.162798,4.488,7.27,0.055459,-0.004606,0.000000,-0.559908,-0.001,0.600,-0.027384,0.051193,0.000000,-0.054767,0.000000,0.134023,1,51.63
2.498000,0.002,0.300000,0.162798,4.488,7.27,0.057606,-0.004966,0.000000,-0.634012,-0.002,0.600,-0.027384,0.051193,0.000000,-0.054767,0.000000,0.134023,1,51.63
2.500000,0.003,0.005400,0.016269,4.457,7.27,0.059710,-0.005306,0.000000,-0.000093,0.000,0.011,-0.029033,0.054277,0.000000,-0.058066,0.000000,0.142096,1,50.33
2.502000,0.003,0.138096,0.082617,4.457,7.26,0.061495,-0.005576,0.000000,-0.132519,0.000,0.276,-0.029033,0.054277,0.000000,-0.058066,0.000000,0.142096,1,50.33
2.504000,0.003,0.147038,0.087088,4.457,7.25,0.062977,-0.005768,0.000000,-0.141269,0.000,0.294,-0.029033,0.054277,0.000000,-0.058066,0.000000,0.142096,1,50.33
2.506000,0.003,0.182402,0.104770,4.457,7.25,0.064159,-0.005882,0.000000,-0.176520,0.000,0.365,-0.029033,0.054277,0.000000,-0.058066,0.000000,0.142096,1,50.33
2.508000,0.003,0.201811,0.114475,4.457,7.24,0.065052,-0.005921,0.000000,-0.195890,-0.003,0.404,-0.029033,0.054277,0.000000,-0.058066,0.000000,0.142096,1,50.33
2.510000,0.003,0.223795,0.125466,4.457,7.24,0.066040,-0.005969,0.000000,-0.217825,-0.003,0.448,-0.029033,0.054277,0.000000,-0.058066,0.000000,0.142096,1,50.33
2.512000,0.003,0.095662,0.061400,4.457,7.23,0.067228,-0.006056,0.000000,-0.089606,-0.003,0.191,-0.029033,0.054277,0.000000,-0.058066,0.000000,0.142096,1,50.33
2.514000,0.003,0.088401,0.057769,4.457,7.23,0.068112,-0.006075,0.000000,-0.082326,-0.003,0.177,-0.029033,0.054277,0.000000,-0.058066,0.000000,0.142096,1,50.33
2.516000,0.003,0.029742,0.028440,4.457,7.23,0.068708,-0.006020,0.000000,-0.023722,-0.003,0.059,-0.029033,0.054277,0.000000,-0.058066,0.000000,0.142096,1,50.33
2.518000,0.003,-0.053644,-0.013253,4.457,7.23,0.069016,-0.005893,0.000000,0.059537,-0.003,0.107,-0.029033,0.054277,0.000000,-0.058066,0.000000,0.142096,1,50.33
2.520000,0.003,-0.081828,-0.027345,4.457,7.23,0.069035,-0.005693,0.000000,0.087520,-0.003,0.164,-0.029033,0.054277,0.000000,-0.058066,0.000000,0.142096,1,50.33
2.522000,0.003,-0.141068,-0.056965,4.457,7.22,0.068778,-0.005425,0.000000,0.146493,-0.003,0.282,-0.029033,0.054277,0.000000,-0.058066,0.000000,0.142096,1,50.33
2.524000,0.003,-0.238146,-0.105504,4.457,7.22,0.068283,-0.005100,0.000000,0.243246,-0.003,0.476,-0.029033,0.054277,0.000000,-0.058066,0.000000,0.142096,1,50.33
2.526000,0.002,-0.300000,-0.136431,4.457,7.22,0.067548,-0.004719,0.000000,0.390818,-0.003,0.600,-0.029033,0.054277,0.000000,-0.058066,0.000000,0.142096,1,50.33
2.528000,0.002,-0.300000,-0.136431,4.457,7.22,0.066570,-0.004283,0.000000,0.346450,-0.003,0.600,-0.029033,0.054277,0.000000,-0.058066,0.000000,0.142096,1,50.33
2.530000,0.002,-0.300000,-0.136431,4.457,7.22,0.065348,-0.003793,0.000000,0.465948,-0.003,0.600,-0.029033,0.054277,0.000000,-0.058066,0.000000,0.142096,1,50.33
2.532000,0.002,-0.300000,-0.136431,4.457,7.22,0.063882,-0.003248,0.000000,0.448210,-0.003,0.600,-0.029033,0.054277,0.000000,-0.058066,0.000000,0.142096,1,50.33
2.534000,0.001,-0.300000,-0.136431,4.457,7.22,0.062169,-0.002650,0.000000,0.508723,-0.002,0.600,-0.029033,0.054277,0.000000,-0.058066,0.000000,0.142096,1,50.33
2.536000,0.001,-0.300000,-0.136431,4.457,7.22,0.060208,-0.001998,0.000000,0.358220,-0.002,0.600,-0.029033,0.054277,0.000000,-0.058066,0.000000,0.142096,1,50.33
2.538000,0.001,-0.300000,-0.136431,4.457,7.22,0.057999,-0.001294,0.000000,0.539751,-0.002,0.600,-0.029033,0.054277,0.000000,-0.058066,0.000000,0.142096,1,50.33
2.540000,0.000,-0.300000,-0.136431,4.457,7.22,0.055539,-0.000536,0.000000,0.750152,-0.002,0.600,-0.029033,0.054277,0.000000,-0.058066,0.000000,0.142096,1,50.33
2.542000,-0.000,-0.300000,-0.136431,4.457,7.22,0.052826,0.000273,0.000000,1.084108,-0.001,0.600,-0.029033,0.054277,0.000000,-0.058066,0.000000,0.142096,1,50.33
2.544000,-0.001,-0.300000,-0.136431,4.457,7.22,0.049859,0.001134,0.000000,0.960590,-0.001,0.600,-0.029033,0.054277,0.000000,-0.058066,0.000000,0.142096,1,50.33
2.546000,-0.001,-0.300000,-0.136431,4.457,7.22,0.046635,0.002047,0.000000,1.015017,-0.001,0.600,-0.029033,0.054277,0.000000,-0.058066,0.000000,0.142096,1,50.33
2.548000,-0.002,-0.300000,-0.136431,4.457,7.22,0.043156,0.003013,0.000000,0.815891,-0.000,0.600,-0.029033,0.054277,0.000000,-0.058066,0.000000,0.142096,1,50.33
2.550000,-0.002,-0.300000,-0.136431,4.457,7.22,0.039565,0.004008,0.000000,0.504236,0.000,0.600,-0.029033,0.054277,0.000000,-0.058066,0.000000,0.142096,1,50.33
2.552000,-0.002,-0.168290,-0.070576,4.457,7.22,0.036045,0.004978,0.000000,0.163312,0.001,0.337,-0.029033,0.054277,0.000000,-0.058066,0.000000,0.142096,1,50.33
2.554000,-0.003,-0.300000,-0.136431,4.457,7.22,0.032820,0.005874,0.000000,0.390610,0.001,0.600,-0.029033,0.054277,0.000000,-0.058066,0.000000,0.142096,1,50.33
2.556000,-0.003,-0.300000,-0.136431,4.457,7.22,0.029435,0.006793,0.000000,0.750767,0.002,0.600,-0.029033,0.054277,0.000000,-0.058066,0.000000,0.142096,1,50.33
2.558000,-0.004,-0.300000,-0.136431,4.457,7.22,0.026118,0.007690,0.000000,1.167639,0.002,0.600,-0.029033,0.054277,0.000000,-0.058066,0.000000,0.142096,1,50.33
2.560000,-0.004,-0.300000,-0.136224,4.449,7.22,0.022867,0.008562,0.000000,1.190169,0.002,0.600,-0.029476,0.055105,0.000000,-0.058952,0.000000,0.144264,1,50.94
2.562000,-0.005,-0.300000,-0.136224,4.449,7.22,0.019685,0.009409,0.000000,1.450608,0.003,0.600,-0.029476,0.055105,0.000000,-0.058952,0.000000,0.144264,1,50.94
2.564000,-0.005,-0.300000,-0.136224,4.449,7.22,0.016567,0.010231,0.000000,1.531769,0.003,0.600,-0.029476,0.055105,0.000000,-0.058952,0.000000,0.144264,1,50.94
2.566000,-0.006,-0.300000,-0.136224,4.449,7.21,0.013511,0.011030,0.000000,1.507376,0.004,0.600,-0.029476,0.055105,0.000000,-0.058952,0.000000,0.144264,1,50.94
2.568000,-0.006,-0.300000,-0.136224,4.449,7.21,0.010516,0.011805,0.000000,1.128664,0.004,0.600,-0.029476,0.055105,0.000000,-0.058952,0.000000,0.144264,1,50.94
2.570000,-0.006,-0.300000,-0.136224,4.449,7.21,0.007581,0.012558,0.000000,1.138342,0.005,0.600,-0.029476,0.055105,0.000000,-0.058952,0.000000,0.144264,1,50.94
2.572000,-0.007,-0.300000,-0.136224,4.449,7.21,0.004705,0.013288,0.000000,1.174808,0.005,0.600,-0.029476,0.055105,0.000000,-0.058952,0.000000,0.144264,1,50.94
2.574000,-0.007,-0.300000,-0.136224,4.449,7.21,0.001886,0.013995,0.000000,1.195057,0.006,0.600,-0.029476,0.055105,0.000000,-0.058952,0.000000,0.144264,1,50.94
2.576000,-0.007,-0.300000,-0.136224,4.449,7.21,-0.000876,0.014680,0.000000,0.810529,0.006,0.600,-0.029476,0.055105,0.000000,-0.058952,0.000000,0.144264,1,50.94
2.578000,-0.008,-0.300000,-0.136224,4.449,7.21,-0.003583,0.015343,0.000000,0.989085,0.006,0.600,-0.029476,0.055105,0.000000,-0.058952,0.000000,0.144264,1,50.94
2.580000,-0.008,-0.300000,-0.136224,4.449,7.21,-0.006236,0.015984,0.000000,1.261442,0.007,0.600,-0.029476,0.055105,0.000000,-0.058952,0.000000,0.144264,1,50.94
2.582000,-0.008,-0.300000,-0.136224,4.449,7.21,-0.008836,0.016603,0.000000,1.215491,0.007,0.600,-0.029476,0.055105,0.000000,-0.058952,0.000000,0.144264,1,50.94
2.584000,-0.009,-0.300000,-0.136224,4.449,7.21,-0.011384,0.017201,0.000000,0.885628,0.007,0.600,-0.029476,0.055105,0.000000,-0.058952,0.000000,0.144264,1,50.94
2.586000,-0.009,-0.300000,-0.136224,4.449,7.21,-0.013881,0.017778,0.000000,1.039100,0.008,0.600,-0.029476,0.055105,0.000000,-0.058952,0.000000,0.144264,1,50.94
2.588000,-0.009,-0.300000,-0.136224,4.449,7.21,-0.016327,0.018334,0.000000,1.118132,0.008,0.600,-0.029476,0.055105,0.000000,-0.058952,0.000000,0.144264,1,50.94
2.590000,-0.009,-0.300000,-0.136224,4.449,7.21,-0.018725,0.018870,0.000000,1.070495,0.008,0.600,-0.029476,0.055105,0.000000,-0.058952,0.000000,0.144264,1,50.94
2.592000,-0.010,-0.300000,-0.136224,4.449,7.21,-0.021076,0.019385,0.000000,0.817247,0.009,0.600,-0.029476,0.055105,0.000000,-0.058952,0.000000,0.144264,1,50.94
2.594000,-0.010,-0.300000,-0.136224,4.449,7.21,-0.023379,0.019879,0.000000,0.822289,0.009,0.600,-0.029476,0.055105,0.000000,-0.058952,0.000000,0.144264,1,50.94
2.596000,-0.010,-0.300000,-0.136224,4.449,7.21,-0.025636,0.020354,0.000000,0.828517,0.009,0.600,-0.029476,0.055105,0.000000,-0.058952,0.000000,0.144264,1,50.94
2.598000,-0.010,-0.300000,-0.136224,4.449,7.21,-0.027847,0.020809,0.000000,0.744149,0.009,0.600,-0.029476,0.055105,0.000000,-0.058952,0.000000,0.144264,1,50.94
2.600000,-0.011,-0.021609,0.002652,4.462,7.21,-0.030015,0.021244,0.000000,0.000365,0.000,0.043,-0.028792,0.053827,0.000000,-0.057585,0.000000,0.140919,1,50.81
2.602000,-0.011,-0.114401,-0.043744,4.462,7.21,-0.031895,0.021606,0.000000,0.092796,0.000,0.229,-0.028792,0.053827,0.000000,-0.057585,0.000000,0.140919,1,50.81
2.604000,-0.011,-0.242736,-0.107911,4.462,7.21,-0.033491,0.021893,0.000000,0.220844,0.000,0.485,-0.028792,0.053827,0.000000,-0.057585,0.000000,0.140919,1,50.81
2.606000,-0.011,-0.300000,-0.136543,4.462,7.22,-0.034980,0.022145,0.000000,0.346661,0.000,0.600,-0.028792,0.053827,0.000000,-0.057585,0.000000,0.140919,1,50.81
2.608000,-0.011,-0.300000,-0.136543,4.462,7.22,-0.036759,0.022453,0.000000,0.362111,0.011,0.600,-0.028792,0.053827,0.000000,-0.057585,0.000000,0.140919,1,50.81
2.610000,-0.011,-0.300000,-0.136543,4.462,7.22,-0.038754,0.022803,0.000000,0.432833,0.011,0.600,-0.028792,0.053827,0.000000,-0.057585,0.000000,0.140919,1,50.81
2.612000,-0.012,-0.300000,-0.136543,4.462,7.22,-0.040710,0.023137,0.000000,0.485126,0.011,0.600,-0.028792,0.053827,0.000000,-0.057585,0.000000,0.140919,1,50.81
2.614000,-0.012,-0.300000,-0.136543,4.462,7.22,-0.042627,0.023453,0.000000,0.509038,0.011,0.600,-0.028792,0.053827,0.000000,-0.057585,0.000000,0.140919,1,50.81
2.616000,-0.012,-0.300000,-0.136543,4.462,7.22,-0.044505,0.023750,0.000000,0.398855,0.011,0.600,-0.028792,0.053827,0.000000,-0.057585,0.000000,0.140919,1,50.81
2.618000,-0.012,-0.300000,-0.136543,4.462,7.22,-0.046346,0.024029,0.000000,0.402049,0.011,0.600,-0.028792,0.053827,0.000000,-0.057585,0.000000,0.140919,1,50.81
2.620000,-0.012,-0.300000,-0.136543,4.462,7.23,-0.048150,0.024290,0.000000,0.421050,0.012,0.600,-0.028792,0.053827,0.000000,-0.057585,0.000000,0.140919,1,50.81
2.622000,-0.012,-0.300000,-0.136543,4.462,7.23,-0.049918,0.024533,0.000000,0.394328,0.012,0.600,-0.028792,0.053827,0.000000,-0.057585,0.000000,0.140919,1,50.81
2.624000,-0.012,-0.274193,-0.123640,4.462,7.23,-0.051650,0.024758,0.000000,0.249435,0.012,0.548,-0.028792,0.053827,0.000000,-0.057585,0.000000,0.140919,1,50.81
2.626000,-0.012,-0.299262,-0.136174,4.462,7.23,-0.053091,0.024908,0.000000,0.274353,0.012,0.599,-0.028792,0.053827,0.000000,-0.057585,0.000000,0.140919,1,50.81
2.628000,-0.013,-0.300000,-0.136543,4.462,7.23,-0.054752,0.025097,0.000000,0.336271,0.012,0.600,-0.028792,0.053827,0.000000,-0.057585,0.000000,0.140919,1,50.81
2.630000,-0.013,-0.300000,-0.136543,4.462,7.23,-0.056388,0.025272,0.000000,0.334411,0.012,0.600,-0.028792,0.053827,0.000000,-0.057585,0.000000,0.140919,1,50.81
2.632000,-0.013,-0.249714,-0.111400,4.462,7.23,-0.057991,0.025430,0.000000,0.224284,0.012,0.499,-0.028792,0.053827,0.000000,-0.057585,0.000000,0.140919,1,50.81
2.634000,-0.013,-0.258485,-0.115786,4.462,7.23,-0.059297,0.025513,0.000000,0.232972,0.012,0.517,-0.028792,0.053827,0.000000,-0.057585,0.000000,0.140919,1,50.81
2.636000,-0.013,-0.234179,-0.103633,4.462,7.23,-0.060427,0.025545,0.000000,0.208634,0.013,0.468,-0.028792,0.053827,0.000000,-0.057585,0.000000,0.140919,1,50.81
2.638000,-0.013,-0.150622,-0.061854,4.462,7.23,-0.061291,0.025508,0.000000,0.125114,0.013,0.301,-0.028792,0.053827,0.000000,-0.057585,0.000000,0.140919,1,50.81
2.640000,-0.013,-0.059271,-0.016178,4.462,7.23,-0.061863,0.025396,0.000000,0.033875,0.013,0.119,-0.028792,0.053827,0.000000,-0.057585,0.000000,0.140919,1,50.81
2.642000,-0.013,-0.003233,0.011840,4.462,7.23,-0.062141,0.025208,0.000000,-0.021975,0.013,0.006,-0.028792,0.053827,0.000000,-0.057585,0.000000,0.140919,1,50.81
2.644000,-0.012,0.130102,0.078508,4.462,7.23,-0.062124,0.024946,0.000000,-0.155048,0.013,0.260,-0.028792,0.053827,0.000000,-0.057585,0.000000,0.140919,1,50.81
2.646000,-0.012,0.283752,0.155333,4.462,7.23,-0.061817,0.024612,0.000000,-0.308365,0.013,0.568,-0.028792,0.053827,0.000000,-0.057585,0.000000,0.140919,1,50.81
2.648000,-0.012,0.300000,0.163457,4.462,7.23,-0.061220,0.024207,0.000000,-0.324424,0.013,0.600,-0.028792,0.053827,0.000000,-0.057585,0.000000,0.140919,1,50.81
2.650000,-0.012,0.298630,0.162772,4.462,7.23,-0.060331,0.023731,0.000000,-0.322360,0.013,0.597,-0.028792,0.053827,0.000000,-0.057585,0.000000,0.140919,1,50.81
2.652000,-0.012,0.263845,0.145379,4.462,7.23,-0.059150,0.023185,0.000000,-0.287030,0.012,0.528,-0.028792,0.053827,0.000000,-0.057585,0.000000,0.140919,1,50.81
2.654000,-0.011,0.300000,0.163457,4.462,7.23,-0.057677,0.022570,0.000000,-0.373094,0.012,0.600,-0.028792,0.053827,0.000000,-0.057585,0.000000,0.140919,1,50.81
2.656000,-0.011,0.233819,0.130366,4.462,7.23,-0.055911,0.021887,0.000000,-0.255707,0.012,0.468,-0.028792,0.053827,0.000000,-0.057585,0.000000,0.140919,1,50.81
2.658000,-0.011,0.300000,0.163457,4.462,7.23,-0.053851,0.021138,0.000000,-0.452890,0.012,0.600,-0.028792,0.053827,0.000000,-0.057585,0.000000,0.140919,1,50.81
2.660000,-0.010,0.300000,0.163399,4.464,7.23,-0.051498,0.020322,0.000000,-0.793171,0.012,0.600,-0.028669,0.053596,0.000000,-0.057337,0.000000,0.140314,1,50.60
2.662000,-0.010,0.300000,0.163399,4.464,7.23,-0.048851,0.019441,0.000000,-1.169573,0.011,0.600,-0.028669,0.053596,0.000000,-0.057337,0.000000,0.140314,1,50.60
2.664000,-0.009,0.300000,0.163399,4.464,7.23,-0.045911,0.018497,0.000000,-1.007867,0.011,0.600,-0.028669,0.053596,0.000000,-0.057337,0.000000,0.140314,1,50.60
2.666000,-0.009,0.300000,0.163399,4.464,7.23,-0.042677,0.017489,0.000000,-1.278980,0.011,0.600,-0.028669,0.053596,0.000000,-0.057337,0.000000,0.140314,1,50.60
2.668000,-0.008,0.300000,0.163399,4.464,7.23,-0.039150,0.016420,0.000000,-1.155328,0.010,0.600,-0.028669,0.053596,0.000000,-0.057337,0.000000,0.140314,1,50.60
2.670000,-0.008,0.300000,0.163399,4.464,7.23,-0.035329,0.015291,0.000000,-1.292781,0.010,0.600,-0.028669,0.053596,0.000000,-0.057337,0.000000,0.140314,1,50.60
2.672000,-0.007,0.300000,0.163399,4.464,7.23,-0.031354,0.014134,0.000000,-0.935046,0.009,0.600,-0.028669,0.053596,0.000000,-0.057337,0.000000,0.140314,1,50.60
2.674000,-0.007,0.300000,0.163399,4.464,7.23,-0.027459,0.013002,0.000000,-1.188638,0.009,0.600,-0.028669,0.053596,0.000000,-0.057337,0.000000,0.140314,1,50.60
2.676000,-0.006,0.300000,0.163399,4.464,7.23,-0.023642,0.011899,0.000000,-1.425466,0.008,0.600,-0.028669,0.053596,0.000000,-0.057337,0.000000,0.140314,1,50.60
2.678000,-0.005,0.300000,0.163399,4.464,7.23,-0.019901,0.010824,0.000000,-1.820777,0.008,0.600,-0.028669,0.053596,0.000000,-0.057337,0.000000,0.140314,1,50.60
2.680000,-0.005,0.300000,0.163399,4.464,7.23,-0.016235,0.009775,0.000000,-1.381582,0.007,0.600,-0.028669,0.053596,0.000000,-0.057337,0.000000,0.140314,1,50.60
2.682000,-0.004,0.300000,0.163399,4.464,7.23,-0.012642,0.008754,0.000000,-1.430462,0.007,0.600,-0.028669,0.053596,0.000000,-0.057337,0.000000,0.140314,1,50.60
2.684000,-0.004,0.300000,0.163399,4.464,7.23,-0.009121,0.007758,0.000000,-1.583953,0.006,0.600,-0.028669,0.053596,0.000000,-0.057337,0.000000,0.140314,1,50.60
2.686000,-0.003,0.300000,0.163399,4.464,7.23,-0.005671,0.006789,0.000000,-1.574073,0.005,0.600,-0.028669,0.053596,0.000000,-0.057337,0.000000,0.140314,1,50.60
2.688000,-0.003,0.300000,0.163399,4.464,7.23,-0.002289,0.005844,0.000000,-1.110058,0.005,0.600,-0.028669,0.053596,0.000000,-0.057337,0.000000,0.140314,1,50.60
2.690000,-0.002,0.300000,0.163399,4.464,7.23,0.001025,0.004923,0.000000,-1.349515,0.004,0.600,-0.028669,0.053596,0.000000,-0.057337,0.000000,0.140314,1,50.60
2.692000,-0.002,0.300000,0.163399,4.464,7.23,0.004272,0.004026,0.000000,-1.726361,0.004,0.600,-0.028669,0.053596,0.000000,-0.057337,0.000000,0.140314,1,50.60
2.694000,-0.002,0.300000,0.163399,4.464,7.23,0.007455,0.003151,0.000000,-1.712071,0.003,0.600,-0.028669,0.053596,0.000000,-0.057337,0.000000,0.140314,1,50.60
2.696000,-0.001,0.300000,0.163399,4.464,7.23,0.010574,0.002300,0.000000,-1.231671,0.003,0.600,-0.028669,0.053596,0.000000,-0.057337,0.000000,0.140314,1,50.60
2.698000,-0.001,0.300000,0.163399,4.464,7.23,0.013630,0.001472,0.000000,-1.279836,0.002,0.600,-0.028669,0.053596,0.000000,-0.057337,0.000000,0.140314,1,50.60
2.700000,-0.000,-0.000679,0.013060,4.464,7.23,0.016626,0.000668,0.000000,0.000011,0.000,0.001,-0.028669,0.053596,0.000000,-0.057337,0.000000,0.140314,1,50.60
2.702000,0.000,0.001620,0.014209,4.464,7.23,0.019278,-0.000051,0.000000,-0.001569,0.000,0.003,-0.028669,0.053596,0.000000,-0.057337,0.000000,0.140314,1,50.60
2.704000,0.000,0.024916,0.025857,4.464,7.23,0.021592,-0.000682,0.000000,-0.024234,0.000,0.050,-0.028669,0.053596,0.000000,-0.057337,0.000000,0.140314,1,50.60
2.706000,0.001,0.178534,0.102666,4.464,7.23,0.023565,-0.001226,0.000000,-0.177308,0.000,0.357,-0.028669,0.053596,0.000000,-0.057337,0.000000,0.140314,1,50.60
2.708000,0.001,0.300000,0.163399,4.464,7.23,0.025195,-0.001683,0.000000,-0.398858,0.000,0.600,-0.028669,0.053596,0.000000,-0.057337,0.000000,0.140314,1,50.60
2.710000,0.001,0.300000,0.163399,4.464,7.23,0.027124,-0.002194,0.000000,-0.621854,-0.000,0.600,-0.028669,0.053596,0.000000,-0.057337,0.000000,0.140314,1,50.60
2.712000,0.001,0.300000,0.163399,4.464,7.23,0.029335,-0.002763,0.000000,-0.649031,-0.000,0.600,-0.028669,0.053596,0.000000,-0.057337,0.000000,0.140314,1,50.60
2.714000,0.002,0.300000,0.163399,4.464,7.23,0.031830,-0.003390,0.000000,-0.757661,-0.001,0.600,-0.028669,0.053596,0.000000,-0.057337,0.000000,0.140314,1,50.60
2.716000,0.002,0.300000,0.163399,4.464,7.23,0.034461,-0.004040,0.000000,-0.884171,-0.001,0.600,-0.028669,0.053596,0.000000,-0.057337,0.000000,0.140314,1,50.60
2.718000,0.002,0.300000,0.163399,4.464,7.23,0.037040,-0.004671,0.000000,-0.971055,-0.001,0.600,-0.028669,0.053596,0.000000,-0.057337,0.000000,0.140314,1,50.60
2.720000,0.003,0.300000,0.164040,4.438,7.23,0.039567,-0.005280,0.000000,-0.778596,-0.001,0.600,-0.030040,0.056159,0.000000,-0.060080,0.000000,0.147024,1,51.10
2.722000,0.003,0.300000,0.164040,4.438,7.22,0.042056,-0.005872,0.000000,-0.784910,-0.002,0.600,-0.030040,0.056159,0.000000,-0.060080,0.000000,0.147024,1,51.10
2.724000,0.003,0.300000,0.164040,4.438,7.22,0.044496,-0.006442,0.000000,-0.854746,-0.002,0.600,-0.030040,0.056159,0.000000,-0.060080,0.000000,0.147024,1,51.10
2.726000,0.003,0.300000,0.164040,4.438,7.21,0.046887,-0.006992,0.000000,-0.793312,-0.002,0.600,-0.030040,0.056159,0.000000,-0.060080,0.000000,0.147024,1,51.10
2.728000,0.004,0.300000,0.164040,4.438,7.21,0.049230,-0.007520,0.000000,-0.506352,-0.003,0.600,-0.030040,0.056159,0.000000,-0.060080,0.000000,0.147024,1,51.10
2.730000,0.004,0.300000,0.164040,4.438,7.20,0.051526,-0.008028,0.000000,-0.577904,-0.003,0.600,-0.030040,0.056159,0.000000,-0.060080,0.000000,0.147024,1,51.10
2.732000,0.004,0.300000,0.164040,4.438,7.20,0.053777,-0.008515,0.000000,-0.736625,-0.003,0.600,-0.030040,0.056159,0.000000,-0.060080,0.000000,0.147024,1,51.10
2.734000,0.004,0.300000,0.164040,4.438,7.20,0.055982,-0.008982,0.000000,-0.755907,-0.003,0.600,-0.030040,0.056159,0.000000,-0.060080,0.000000,0.147024,1,51.10
2.736000,0.005,0.300000,0.164040,4.438,7.20,0.058143,-0.009429,0.000000,-0.560427,-0.004,0.600,-0.030040,0.056159,0.000000,-0.060080,0.000000,0.147024,1,51.10
2.738000,0.005,0.300000,0.164040,4.438,7.20,0.060261,-0.009856,0.000000,-0.667495,-0.004,0.600,-0.030040,0.056159,0.000000,-0.060080,0.000000,0.147024,1,51.10
2.740000,0.005,0.300000,0.164040,4.438,7.19,0.062337,-0.010263,0.000000,-0.668598,-0.004,0.600,-0.030040,0.056159,0.000000,-0.060080,0.000000,0.147024,1,51.10
2.742000,0.005,0.300000,0.164040,4.438,7.19,0.064371,-0.010651,0.000000,-0.665891,-0.004,0.600,-0.030040,0.056159,0.000000,-0.060080,0.000000,0.147024,1,51.10
2.744000,0.006,0.300000,0.164040,4.438,7.19,0.066364,-0.011021,0.000000,-0.463997,-0.005,0.600,-0.030040,0.056159,0.000000,-0.060080,0.000000,0.147024,1,51.10
2.746000,0.006,0.300000,0.164040,4.438,7.19,0.068318,-0.011371,0.000000,-0.460218,-0.005,0.600,-0.030040,0.056159,0.000000,-0.060080,0.000000,0.147024,1,51.10
2.748000,0.006,0.300000,0.164040,4.438,7.19,0.070232,-0.011702,0.000000,-0.433830,-0.005,0.600,-0.030040,0.056159,0.000000,-0.060080,0.000000,0.147024,1,51.10
2.750000,0.006,0.300000,0.164040,4.438,7.19,0.072108,-0.012015,0.000000,-0.454955,-0.005,0.600,-0.030040,0.056159,0.000000,-0.060080,0.000000,0.147024,1,51.10
2.752000,0.006,0.289423,0.158752,4.438,7.19,0.073947,-0.012310,0.000000,-0.277113,-0.006,0.579,-0.030040,0.056159,0.000000,-0.060080,0.000000,0.147024,1,51.10
2.754000,0.006,0.271689,0.149884,4.438,7.19,0.075643,-0.012564,0.000000,-0.259125,-0.006,0.543,-0.030040,0.056159,0.000000,-0.060080,0.000000,0.147024,1,51.10
2.756000,0.006,0.257652,0.142866,4.438,7.19,0.077128,-0.012760,0.000000,-0.244893,-0.006,0.515,-0.030040,0.056159,0.000000,-0.060080,0.000000,0.147024,1,51.10
2.758000,0.006,0.212215,0.120147,4.438,7.19,0.078443,-0.012908,0.000000,-0.199307,-0.006,0.424,-0.030040,0.056159,0.000000,-0.060080,0.000000,0.147024,1,51.10
2.760000,0.006,0.090279,0.060036,4.404,7.19,0.079414,-0.012976,0.000000,-0.077303,-0.006,0.181,-0.031874,0.059588,0.000000,-0.063748,0.000000,0.156002,1,51.28
2.762000,0.006,0.072645,0.051219,4.404,7.18,0.080042,-0.012959,0.000000,-0.059686,-0.006,0.145,-0.031874,0.059588,0.000000,-0.063748,0.000000,0.156002,1,51.28
2.764000,0.006,0.027829,0.028812,4.404,7.17,0.080332,-0.012855,0.000000,-0.014974,-0.006,0.056,-0.031874,0.059588,0.000000,-0.063748,0.000000,0.156002,1,51.28
2.766000,0.006,-0.073482,-0.021844,4.404,7.16,0.080281,-0.012666,0.000000,0.086149,-0.006,0.147,-0.031874,0.059588,0.000000,-0.063748,0.000000,0.156002,1,51.28
2.768000,0.006,-0.143626,-0.056916,4.404,7.16,0.079938,-0.012404,0.000000,0.156031,-0.006,0.287,-0.031874,0.059588,0.000000,-0.063748,0.000000,0.156002,1,51.28
2.770000,0.006,-0.233974,-0.102090,4.404,7.15,0.079297,-0.012071,0.000000,0.246045,-0.006,0.468,-0.031874,0.059588,0.000000,-0.063748,0.000000,0.156002,1,51.28
2.772000,0.006,-0.300000,-0.135103,4.404,7.15,0.078358,-0.011666,0.000000,0.444409,-0.006,0.600,-0.031874,0.059588,0.000000,-0.063748,0.000000,0.156002,1,51.28
2.774000,0.006,-0.300000,-0.135103,4.404,7.15,0.077121,-0.011192,0.000000,0.654861,-0.006,0.600,-0.031874,0.059588,0.000000,-0.063748,0.000000,0.156002,1,51.28
2.776000,0.005,-0.300000,-0.135103,4.404,7.14,0.075583,-0.010648,0.000000,0.588250,-0.006,0.600,-0.031874,0.059588,0.000000,-0.063748,0.000000,0.156002,1,51.28
2.778000,0.005,-0.300000,-0.135103,4.404,7.14,0.073744,-0.010036,0.000000,0.622427,-0.006,0.600,-0.031874,0.059588,0.000000,-0.063748,0.000000,0.156002,1,51.28
2.780000,0.005,-0.300000,-0.135103,4.404,7.14,0.071603,-0.009357,0.000000,0.788299,-0.006,0.600,-0.031874,0.059588,0.000000,-0.063748,0.000000,0.156002,1,51.28
2.782000,0.004,-0.300000,-0.135103,4.404,7.14,0.069160,-0.008612,0.000000,0.956368,-0.006,0.600,-0.031874,0.059588,0.000000,-0.063748,0.000000,0.156002,1,51.28
2.784000,0.004,-0.300000,-0.135103,4.404,7.14,0.066414,-0.007802,0.000000,0.730923,-0.005,0.600,-0.031874,0.059588,0.000000,-0.063748,0.000000,0.156002,1,51.28
2.786000,0.003,-0.300000,-0.135103,4.404,7.14,0.063361,-0.006929,0.000000,0.979391,-0.005,0.600,-0.031874,0.059588,0.000000,-0.063748,0.000000,0.156002,1,51.28
2.788000,0.003,-0.300000,-0.135103,4.404,7.14,0.059997,-0.005996,0.000000,1.176193,-0.005,0.600,-0.031874,0.059588,0.000000,-0.063748,0.000000,0.156002,1,51.28
2.790000,0.003,-0.300000,-0.135103,4.404,7.14,0.056315,-0.005003,0.000000,1.386338,-0.004,0.600,-0.031874,0.059588,0.000000,-0.063748,0.000000,0.156002,1,51.28
2.792000,0.002,-0.300000,-0.135103,4.404,7.14,0.052487,-0.003989,0.000000,1.066892,-0.004,0.600,-0.031874,0.059588,0.000000,-0.063748,0.000000,0.156002,1,51.28
2.794000,0.001,-0.300000,-0.135103,4.404,7.14,0.048736,-0.002985,0.000000,1.353715,-0.003,0.600,-0.031874,0.059588,0.000000,-0.063748,0.000000,0.156002,1,51.28
2.796000,0.001,-0.300000,-0.135103,4.404,7.14,0.045059,-0.002006,0.000000,1.451831,-0.003,0.600,-0.031874,0.059588,0.000000,-0.063748,0.000000,0.156002,1,51.28
2.798000,0.001,-0.300000,-0.135103,4.404,7.14,0.041455,-0.001053,0.000000,1.495145,-0.003,0.600,-0.031874,0.059588,0.000000,-0.063748,0.000000,0.156002,1,51.28
2.800000,0.000,0.000128,0.014961,4.404,7.14,0.037924,-0.000126,0.000000,-0.000002,0.000,0.000,-0.031874,0.059588,0.000000,-0.063748,0.000000,0.156002,1,51.28
2.802000,-0.000,-0.066861,-0.018533,4.404,7.14,0.034766,0.000712,0.000000,0.066148,0.000,0.134,-0.031874,0.059588,0.000000,-0.063748,0.000000,0.156002,1,51.28
2.804000,-0.001,-0.237194,-0.103700,4.404,7.14,0.031974,0.001459,0.000000,0.235735,0.000,0.474,-0.031874,0.059588,0.000000,-0.063748,0.000000,0.156002,1,51.28
2.806000,-0.001,-0.239545,-0.104875,4.404,7.13,0.029260,0.002178,0.000000,0.237367,0.000,0.479,-0.031874,0.059588,0.000000,-0.063748,0.000000,0.156002,1,51.28
2.808000,-0.001,-0.263532,-0.116869,4.404,7.13,0.026578,0.002884,0.000000,0.260648,-0.000,0.527,-0.031874,0.059588,0.000000,-0.063748,0.000000,0.156002,1,51.28
2.810000,-0.002,-0.300000,-0.135103,4.404,7.13,0.023709,0.003623,0.000000,0.461046,0.000,0.600,-0.031874,0.059588,0.000000,-0.063748,0.000000,0.156002,1,51.28
2.812000,-0.002,-0.300000,-0.135103,4.404,7.13,0.020533,0.004414,0.000000,0.791554,0.001,0.600,-0.031874,0.059588,0.000000,-0.063748,0.000000,0.156002,1,51.28
2.814000,-0.003,-0.300000,-0.135103,4.404,7.13,0.017420,0.005195,0.000000,1.061221,0.001,0.600,-0.031874,0.059588,0.000000,-0.063748,0.000000,0.156002,1,51.28
2.816000,-0.003,-0.300000,-0.135103,4.404,7.13,0.014370,0.005954,0.000000,1.098913,0.001,0.600,-0.031874,0.059588,0.000000,-0.063748,0.000000,0.156002,1,51.28
2.818000,-0.003,-0.300000,-0.135103,4.404,7.13,0.011380,0.006690,0.000000,1.229502,0.002,0.600,-0.031874,0.059588,0.000000,-0.063748,0.000000,0.156002,1,51.28
2.820000,-0.004,-0.300000,-0.135389,4.416,7.13,0.008451,0.007404,0.000000,1.394623,0.002,0.600,-0.031261,0.058443,0.000000,-0.062523,0.000000,0.153003,1,51.09
2.822000,-0.004,-0.300000,-0.135389,4.416,7.14,0.005574,0.008099,0.000000,1.265547,0.003,0.600,-0.031261,0.058443,0.000000,-0.062523,0.000000,0.153003,1,51.09
2.824000,-0.004,-0.300000,-0.135389,4.416,7.14,0.002755,0.008772,0.000000,0.857231,0.003,0.600,-0.031261,0.058443,0.000000,-0.062523,0.000000,0.153003,1,51.09
2.826000,-0.005,-0.300000,-0.135389,4.416,7.14,-0.000009,0.009423,0.000000,0.856936,0.003,0.600,-0.031261,0.058443,0.000000,-0.062523,0.000000,0.153003,1,51.09
2.828000,-0.005,-0.300000,-0.135389,4.416,7.15,-0.002716,0.010053,0.000000,0.906037,0.004,0.600,-0.031261,0.058443,0.000000,-0.062523,0.000000,0.153003,1,51.09
2.830000,-0.005,-0.300000,-0.135389,4.416,7.15,-0.005370,0.010663,0.000000,0.763858,0.004,0.600,-0.031261,0.058443,0.000000,-0.062523,0.000000,0.153003,1,51.09
2.832000,-0.006,-0.300000,-0.135389,4.416,7.15,-0.007970,0.011251,0.000000,0.516530,0.004,0.600,-0.031261,0.058443,0.000000,-0.062523,0.000000,0.153003,1,51.09
2.834000,-0.006,-0.300000,-0.135389,4.416,7.15,-0.010518,0.011819,0.000000,0.640560,0.005,0.600,-0.031261,0.058443,0.000000,-0.062523,0.000000,0.153003,1,51.09
2.836000,-0.006,-0.300000,-0.135389,4.416,7.15,-0.013016,0.012366,0.000000,0.830054,0.005,0.600,-0.031261,0.058443,0.000000,-0.062523,0.000000,0.153003,1,51.09
2.838000,-0.006,-0.300000,-0.135389,4.416,7.15,-0.015463,0.012893,0.000000,0.872343,0.005,0.600,-0.031261,0.058443,0.000000,-0.062523,0.000000,0.153003,1,51.09
2.840000,-0.007,-0.300000,-0.135389,4.416,7.15,-0.017862,0.013401,0.000000,0.672388,0.006,0.600,-0.031261,0.058443,0.000000,-0.062523,0.000000,0.153003,1,51.09
2.842000,-0.007,-0.300000,-0.135389,4.416,7.15,-0.020213,0.013889,0.000000,0.751131,0.006,0.600,-0.031261,0.058443,0.000000,-0.062523,0.000000,0.153003,1,51.09
2.844000,-0.007,-0.300000,-0.135389,4.416,7.15,-0.022516,0.014357,0.000000,0.816803,0.006,0.600,-0.031261,0.058443,0.000000,-0.062523,0.000000,0.153003,1,51.09
2.846000,-0.007,-0.300000,-0.135389,4.416,7.15,-0.024774,0.014806,0.000000,0.629402,0.006,0.600,-0.031261,0.058443,0.000000,-0.062523,0.000000,0.153003,1,51.09
2.848000,-0.008,-0.300000,-0.135389,4.416,7.15,-0.026986,0.015236,0.000000,0.395692,0.007,0.600,-0.031261,0.058443,0.000000,-0.062523,0.000000,0.153003,1,51.09
2.850000,-0.008,-0.300000,-0.135389,4.416,7.15,-0.029154,0.015648,0.000000,0.487747,0.007,0.600,-0.031261,0.058443,0.000000,-0.062523,0.000000,0.153003,1,51.09
2.852000,-0.008,-0.300000,-0.135389,4.416,7.15,-0.031279,0.016040,0.000000,0.549080,0.007,0.600,-0.031261,0.058443,0.000000,-0.062523,0.000000,0.153003,1,51.09
2.854000,-0.008,-0.300000,-0.135389,4.416,7.15,-0.033361,0.016415,0.000000,0.490283,0.007,0.600,-0.031261,0.058443,0.000000,-0.062523,0.000000,0.153003,1,51.09
2.856000,-0.008,-0.300000,-0.135389,4.416,7.15,-0.035402,0.016771,0.000000,0.464235,0.008,0.600,-0.031261,0.058443,0.000000,-0.062523,0.000000,0.153003,1,51.09
2.858000,-0.009,-0.300000,-0.135389,4.416,7.15,-0.037402,0.017110,0.000000,0.453390,0.008,0.600,-0.031261,0.058443,0.000000,-0.062523,0.000000,0.153003,1,51.09
2.860000,-0.009,-0.300000,-0.135494,4.420,7.15,-0.039361,0.017430,0.000000,0.342335,0.008,0.600,-0.031037,0.058023,0.000000,-0.062073,0.000000,0.151903,1,50.94
2.862000,-0.009,-0.300000,-0.135494,4.420,7.15,-0.041284,0.017734,0.000000,0.305575,0.008,0.600,-0.031037,0.058023,0.000000,-0.062073,0.000000,0.151903,1,50.94
2.864000,-0.009,-0.171360,-0.071174,4.420,7.16,-0.043168,0.018021,0.000000,0.153339,0.008,0.343,-0.031037,0.058023,0.000000,-0.062073,0.000000,0.151903,1,50.94
2.866000,-0.009,-0.210550,-0.090769,4.420,7.16,-0.044691,0.018220,0.000000,0.192329,0.009,0.421,-0.031037,0.058023,0.000000,-0.062073,0.000000,0.151903,1,50.94
2.868000,-0.009,-0.253708,-0.112348,4.420,7.16,-0.045859,0.018333,0.000000,0.235375,0.009,0.507,-0.031037,0.058023,0.000000,-0.062073,0.000000,0.151903,1,50.94
2.870000,-0.009,-0.300000,-0.135494,4.420,7.16,-0.047188,0.018469,0.000000,0.300466,0.009,0.600,-0.031037,0.058023,0.000000,-0.062073,0.000000,0.151903,1,50.94
2.872000,-0.009,-0.205053,-0.088021,4.420,7.16,-0.048851,0.018671,0.000000,0.186382,0.009,0.410,-0.031037,0.058023,0.000000,-0.062073,0.000000,0.151903,1,50.94
2.874000,-0.009,-0.227001,-0.098995,4.420,7.16,-0.050138,0.018788,0.000000,0.208213,0.009,0.454,-0.031037,0.058023,0.000000,-0.062073,0.000000,0.151903,1,50.94
2.876000,-0.009,-0.189359,-0.080174,4.420,7.16,-0.051116,0.018827,0.000000,0.170532,0.009,0.379,-0.031037,0.058023,0.000000,-0.062073,0.000000,0.151903,1,50.94
2.878000,-0.009,-0.126199,-0.048594,4.420,7.16,-0.051745,0.018783,0.000000,0.107417,0.009,0.252,-0.031037,0.058023,0.000000,-0.062073,0.000000,0.151903,1,50.94
2.880000,-0.009,-0.050233,-0.010611,4.420,7.16,-0.052027,0.018654,0.000000,0.031578,0.009,0.100,-0.031037,0.058023,0.000000,-0.062073,0.000000,0.151903,1,50.94
2.882000,-0.009,-0.024899,0.002056,4.420,7.16,-0.051959,0.018443,0.000000,0.006456,0.009,0.050,-0.031037,0.058023,0.000000,-0.062073,0.000000,0.151903,1,50.94
2.884000,-0.009,0.109412,0.069212,4.420,7.16,-0.051567,0.018156,0.000000,-0.127569,0.009,0.219,-0.031037,0.058023,0.000000,-0.062073,0.000000,0.151903,1,50.94
2.886000,-0.009,0.291894,0.160453,4.420,7.16,-0.050850,0.017794,0.000000,-0.309688,0.009,0.584,-0.031037,0.058023,0.000000,-0.062073,0.000000,0.151903,1,50.94
2.888000,-0.009,0.288608,0.158810,4.420,7.16,-0.049808,0.017357,0.000000,-0.305965,0.009,0.577,-0.031037,0.058023,0.000000,-0.062073,0.000000,0.151903,1,50.94
2.890000,-0.008,0.300000,0.164506,4.420,7.16,-0.048442,0.016848,0.000000,-0.449157,0.009,0.600,-0.031037,0.058023,0.000000,-0.062073,0.000000,0.151903,1,50.94
2.892000,-0.008,0.300000,0.164506,4.420,7.16,-0.046751,0.016268,0.000000,-0.708270,0.009,0.600,-0.031037,0.058023,0.000000,-0.062073,0.000000,0.151903,1,50.94
2.894000,-0.008,0.300000,0.164506,4.420,7.16,-0.044738,0.015617,0.000000,-0.867967,0.009,0.600,-0.031037,0.058023,0.000000,-0.062073,0.000000,0.151903,1,50.94
2.896000,-0.007,0.300000,0.164506,4.420,7.16,-0.042402,0.014897,0.000000,-0.737700,0.009,0.600,-0.031037,0.058023,0.000000,-0.062073,0.000000,0.151903,1,50.94
2.898000,-0.007,0.300000,0.164506,4.420,7.16,-0.039746,0.014110,0.000000,-0.959615,0.008,0.600,-0.031037,0.058023,0.000000,-0.062073,0.000000,0.151903,1,50.94
2.900000,-0.007,-0.013470,0.007771,4.420,7.16,-0.036769,0.013257,0.000000,0.000213,0.000,0.027,-0.031037,0.058023,0.000000,-0.062073,0.000000,0.151903,1,50.94
2.902000,-0.006,0.300000,0.164506,4.420,7.16,-0.034173,0.012487,0.000000,-0.386952,0.000,0.600,-0.031037,0.058023,0.000000,-0.062073,0.000000,0.151903,1,50.94
2.904000,-0.006,0.300000,0.164506,4.420,7.16,-0.031243,0.011656,0.000000,-0.429247,0.000,0.600,-0.031037,0.058023,0.000000,-0.062073,0.000000,0.151903,1,50.94
2.906000,-0.005,0.300000,0.164506,4.420,7.16,-0.027998,0.010762,0.000000,-0.489295,0.000,0.600,-0.031037,0.058023,0.000000,-0.062073,0.000000,0.151903,1,50.94
2.908000,-0.005,0.300000,0.164506,4.420,7.16,-0.024440,0.009807,0.000000,-0.491442,0.007,0.600,-0.031037,0.058023,0.000000,-0.062073,0.000000,0.151903,1,50.94
2.910000,-0.004,0.300000,0.164506,4.420,7.16,-0.020662,0.008810,0.000000,-0.828369,0.006,0.600,-0.031037,0.058023,0.000000,-0.062073,0.000000,0.151903,1,50.94
2.912000,-0.004,0.300000,0.164506,4.420,7.16,-0.016959,0.007837,0.000000,-0.477180,0.006,0.600,-0.031037,0.058023,0.000000,-0.062073,0.000000,0.151903,1,50.94
2.914000,-0.003,0.300000,0.164506,4.420,7.16,-0.013329,0.006890,0.000000,-0.708624,0.005,0.600,-0.031037,0.058023,0.000000,-0.062073,0.000000,0.151903,1,50.94
2.916000,-0.003,0.300000,0.164506,4.420,7.16,-0.009772,0.005969,0.000000,-1.062243,0.005,0.600,-0.031037,0.058023,0.000000,-0.062073,0.000000,0.151903,1,50.94
2.918000,-0.003,0.300000,0.164506,4.420,7.16,-0.006287,0.005072,0.000000,-1.310125,0.004,0.600,-0.031037,0.058023,0.000000,-0.062073,0.000000,0.151903,1,50.94
2.920000,-0.002,0.300000,0.164590,4.416,7.16,-0.002871,0.004199,0.000000,-1.016086,0.004,0.600,-0.031216,0.058359,0.000000,-0.062433,0.000000,0.152783,1,51.00
2.922000,-0.002,0.300000,0.164590,4.416,7.16,0.000478,0.003348,0.000000,-1.222323,0.003,0.600,-0.031216,0.058359,0.000000,-0.062433,0.000000,0.152783,1,51.00
2.924000,-0.001,0.300000,0.164590,4.416,7.16,0.003761,0.002520,0.000000,-1.376172,0.003,0.600,-0.031216,0.058359,0.000000,-0.062433,0.000000,0.152783,1,51.00
2.926000,-0.001,0.300000,0.164590,4.416,7.16,0.006977,0.001716,0.000000,-1.316495,0.003,0.600,-0.031216,0.058359,0.000000,-0.062433,0.000000,0.152783,1,51.00
2.928000,-0.000,0.300000,0.164590,4.416,7.16,0.010129,0.000934,0.000000,-1.108679,0.002,0.600,-0.031216,0.058359,0.000000,-0.062433,0.000000,0.152783,1,51.00
2.930000,-0.000,0.300000,0.164590,4.416,7.16,0.013219,0.000176,0.000000,-1.129231,0.002,0.600,-0.031216,0.058359,0.000000,-0.062433,0.000000,0.152783,1,51.00
2.932000,0.000,0.300000,0.164590,4.416,7.16,0.016246,-0.000560,0.000000,-1.194172,0.001,0.600,-0.031216,0.058359,0.000000,-0.062433,0.000000,0.152783,1,51.00
2.934000,0.001,0.300000,0.164590,4.416,7.16,0.019213,-0.001273,0.000000,-1.053508,0.001,0.600,-0.031216,0.058359,0.000000,-0.062433,0.000000,0.152783,1,51.00
2.936000,0.001,0.300000,0.164590,4.416,7.16,0.022121,-0.001964,0.000000,-0.722651,0.000,0.600,-0.031216,0.058359,0.000000,-0.062433,0.000000,0.152783,1,51.00
2.938000,0.001,0.300000,0.164590,4.416,7.16,0.024970,-0.002634,0.000000,-0.894497,0.000,0.600,-0.031216,0.058359,0.000000,-0.062433,0.000000,0.152783,1,51.00
2.940000,0.002,0.300000,0.164590,4.416,7.16,0.027762,-0.003280,0.000000,-1.141487,-0.000,0.600,-0.031216,0.058359,0.000000,-0.062433,0.000000,0.152783,1,51.00
2.942000,0.002,0.300000,0.164590,4.416,7.16,0.030499,-0.003900,0.000000,-1.160948,-0.001,0.600,-0.031216,0.058359,0.000000,-0.062433,0.000000,0.152783,1,51.00
2.944000,0.002,0.300000,0.164590,4.416,7.15,0.033181,-0.004497,0.000000,-0.904522,-0.001,0.600,-0.031216,0.058359,0.000000,-0.062433,0.000000,0.152783,1,51.00
2.946000,0.003,0.300000,0.164590,4.416,7.15,0.035809,-0.005073,0.000000,-1.074952,-0.001,0.600,-0.031216,0.058359,0.000000,-0.062433,0.000000,0.152783,1,51.00
2.948000,0.003,0.300000,0.164590,4.416,7.15,0.038385,-0.005627,0.000000,-1.143155,-0.002,0.600,-0.031216,0.058359,0.000000,-0.062433,0.000000,0.152783,1,51.00
2.950000,0.003,0.300000,0.164590,4.416,7.15,0.040909,-0.006160,0.000000,-1.113662,-0.002,0.600,-0.031216,0.058359,0.000000,-0.062433,0.000000,0.152783,1,51.00
2.952000,0.003,0.300000,0.164590,4.416,7.15,0.043383,-0.006673,0.000000,-0.812736,-0.002,0.600,-0.031216,0.058359,0.000000,-0.062433,0.000000,0.152783,1,51.00
2.954000,0.004,0.300000,0.164590,4.416,7.15,0.045807,-0.007165,0.000000,-0.825808,-0.003,0.600,-0.031216,0.058359,0.000000,-0.062433,0.000000,0.152783,1,51.00
2.956000,0.004,0.300000,0.164590,4.416,7.15,0.048182,-0.007638,0.000000,-0.854209,-0.003,0.600,-0.031216,0.058359,0.000000,-0.062433,0.000000,0.152783,1,51.00
2.958000,0.004,0.300000,0.164590,4.416,7.15,0.050511,-0.008090,0.000000,-0.781852,-0.003,0.600,-0.031216,0.058359,0.000000,-0.062433,0.000000,0.152783,1,51.00
2.960000,0.004,0.300000,0.164310,4.428,7.15,0.052792,-0.008522,0.000000,-0.501955,-0.003,0.600,-0.030618,0.057240,0.000000,-0.061236,0.000000,0.149854,1,50.47
2.962000,0.004,0.300000,0.164310,4.428,7.16,0.055023,-0.008933,0.000000,-0.506104,-0.004,0.600,-0.030618,0.057240,0.000000,-0.061236,0.000000,0.149854,1,50.47
2.964000,0.005,0.300000,0.164310,4.428,7.16,0.057208,-0.009325,0.000000,-0.615603,-0.004,0.600,-0.030618,0.057240,0.000000,-0.061236,0.000000,0.149854,1,50.47
2.966000,0.005,0.300000,0.164310,4.428,7.16,0.059350,-0.009698,0.000000,-0.525895,-0.004,0.600,-0.030618,0.057240,0.000000,-0.061236,0.000000,0.149854,1,50.47
2.968000,0.005,0.300000,0.164310,4.428,7.17,0.061450,-0.010052,0.000000,-0.329028,-0.004,0.600,-0.030618,0.057240,0.000000,-0.061236,0.000000,0.149854,1,50.47
2.970000,0.005,0.300000,0.164310,4.428,7.17,0.063507,-0.010387,0.000000,-0.427632,-0.004,0.600,-0.030618,0.057240,0.000000,-0.061236,0.000000,0.149854,1,50.47
2.972000,0.005,0.300000,0.164310,4.428,7.17,0.065523,-0.010704,0.000000,-0.522751,-0.005,0.600,-0.030618,0.057240,0.000000,-0.061236,0.000000,0.149854,1,50.47
2.974000,0.006,0.300000,0.164310,4.428,7.17,0.067499,-0.011003,0.000000,-0.513159,-0.005,0.600,-0.030618,0.057240,0.000000,-0.061236,0.000000,0.149854,1,50.47
2.976000,0.006,0.300000,0.164310,4.428,7.17,0.069435,-0.011283,0.000000,-0.394327,-0.005,0.600,-0.030618,0.057240,0.000000,-0.061236,0.000000,0.149854,1,50.47
2.978000,0.006,0.300000,0.164310,4.428,7.17,0.071333,-0.011546,0.000000,-0.452206,-0.005,0.600,-0.030618,0.057240,0.000000,-0.061236,0.000000,0.149854,1,50.47
2.980000,0.006,0.300000,0.164310,4.428,7.17,0.073192,-0.011791,0.000000,-0.456417,-0.005,0.600,-0.030618,0.057240,0.000000,-0.061236,0.000000,0.149854,1,50.47
2.982000,0.006,0.300000,0.164310,4.428,7.17,0.075015,-0.012018,0.000000,-0.444128,-0.006,0.600,-0.030618,0.057240,0.000000,-0.061236,0.000000,0.149854,1,50.47
2.984000,0.006,0.300000,0.164310,4.428,7.17,0.076800,-0.012228,0.000000,-0.311172,-0.006,0.600,-0.030618,0.057240,0.000000,-0.061236,0.000000,0.149854,1,50.47
2.986000,0.006,0.300000,0.164310,4.428,7.17,0.078551,-0.012421,0.000000,-0.310703,-0.006,0.600,-0.030618,0.057240,0.000000,-0.061236,0.000000,0.149854,1,50.47
2.988000,0.006,0.300000,0.164310,4.428,7.17,0.080266,-0.012597,0.000000,-0.302484,-0.006,0.600,-0.030618,0.057240,0.000000,-0.061236,0.000000,0.149854,1,50.47
2.990000,0.006,0.283832,0.156226,4.428,7.17,0.081947,-0.012755,0.000000,-0.271077,-0.006,0.568,-0.030618,0.057240,0.000000,-0.061236,0.000000,0.149854,1,50.47
2.992000,0.006,0.175338,0.101979,4.428,7.17,0.083433,-0.012863,0.000000,-0.162475,-0.006,0.351,-0.030618,0.057240,0.000000,-0.061236,0.000000,0.149854,1,50.47
2.994000,0.006,0.173876,0.101248,4.428,7.17,0.084574,-0.012895,0.000000,-0.160981,-0.006,0.348,-0.030618,0.057240,0.000000,-0.061236,0.000000,0.149854,1,50.47
2.996000,0.006,0.138097,0.083359,4.428,7.17,0.085393,-0.012845,0.000000,-0.125252,-0.006,0.276,-0.030618,0.057240,0.000000,-0.061236,0.000000,0.149854,1,50.47
2.998000,0.006,0.007316,0.017968,4.428,7.17,0.085890,-0.012715,0.000000,0.005399,-0.006,0.015,-0.030618,0.057240,0.000000,-0.061236,0.000000,0.149854,1,50.47
3.000000,0.006,0.012702,0.020661,4.428,7.17,0.086066,-0.012505,0.000000,-0.000197,0.000,0.025,-0.030618,0.057240,0.000000,-0.061236,0.000000,0.149854,1,50.47
3.002000,0.006,-0.058404,-0.014892,4.428,7.17,0.085920,-0.012216,0.000000,0.070620,0.000,0.117,-0.030618,0.057240,0.000000,-0.061236,0.000000,0.149854,1,50.47
3.004000,0.006,-0.203890,-0.087635,4.428,7.17,0.085493,-0.011860,0.000000,0.215750,0.000,0.408,-0.030618,0.057240,0.000000,-0.061236,0.000000,0.149854,1,50.47
3.006000,0.006,-0.300000,-0.135690,4.428,7.17,0.084784,-0.011438,0.000000,0.411984,0.000,0.600,-0.030618,0.057240,0.000000,-0.061236,0.000000,0.149854,1,50.47
3.008000,0.005,-0.300000,-0.135690,4.428,7.17,0.083794,-0.010952,0.000000,0.436872,-0.006,0.600,-0.030618,0.057240,0.000000,-0.061236,0.000000,0.149854,1,50.47
3.010000,0.005,-0.300000,-0.135690,4.428,7.17,0.082524,-0.010402,0.000000,0.476614,-0.006,0.600,-0.030618,0.057240,0.000000,-0.061236,0.000000,0.149854,1,50.47
3.012000,0.005,-0.300000,-0.135690,4.428,7.17,0.080976,-0.009791,0.000000,0.407297,-0.006,0.600,-0.030618,0.057240,0.000000,-0.061236,0.000000,0.149854,1,50.47
3.014000,0.005,-0.300000,-0.135690,4.428,7.17,0.079152,-0.009119,0.000000,0.510144,-0.006,0.600,-0.030618,0.057240,0.000000,-0.061236,0.000000,0.149854,1,50.47
3.016000,0.004,-0.300000,-0.135690,4.428,7.17,0.077053,-0.008388,0.000000,0.342113,-0.005,0.600,-0.030618,0.057240,0.000000,-0.061236,0.000000,0.149854,1,50.47
3.018000,0.004,-0.300000,-0.135690,4.428,7.17,0.074682,-0.007600,0.000000,0.534063,-0.005,0.600,-0.030618,0.057240,0.000000,-0.061236,0.000000,0.149854,1,50.47
3.020000,0.003,-0.300000,-0.135496,4.420,7.17,0.072037,-0.006756,0.000000,0.885287,-0.005,0.600,-0.031034,0.058017,0.000000,-0.062068,0.000000,0.151889,1,51.32
3.022000,0.003,-0.300000,-0.135496,4.420,7.17,0.069114,-0.005860,0.000000,1.297022,-0.005,0.600,-0.031034,0.058017,0.000000,-0.062068,0.000000,0.151889,1,51.32
3.024000,0.002,-0.300000,-0.135496,4.420,7.17,0.065912,-0.004914,0.000000,1.097065,-0.004,0.600,-0.031034,0.058017,0.000000,-0.062068,0.000000,0.151889,1,51.32
3.026000,0.002,-0.300000,-0.135496,4.420,7.17,0.062428,-0.003920,0.000000,1.377344,-0.004,0.600,-0.031034,0.058017,0.000000,-0.062068,0.000000,0.151889,1,51.32
3.028000,0.001,-0.300000,-0.135496,4.420,7.17,0.058667,-0.002874,0.000000,1.637887,-0.003,0.600,-0.031034,0.058017,0.000000,-0.062068,0.000000,0.151889,1,51.32
3.030000,0.001,-0.300000,-0.135496,4.420,7.16,0.054784,-0.001804,0.000000,1.740485,-0.003,0.600,-0.031034,0.058017,0.000000,-0.062068,0.000000,0.151889,1,51.32
3.032000,0.000,-0.300000,-0.135496,4.420,7.16,0.050979,-0.000744,0.000000,1.381596,-0.002,0.600,-0.031034,0.058017,0.000000,-0.062068,0.000000,0.151889,1,51.32
3.034000,-0.000,-0.300000,-0.135496,4.420,7.16,0.047249,0.000290,0.000000,1.403112,-0.002,0.600,-0.031034,0.058017,0.000000,-0.062068,0.000000,0.151889,1,51.32
3.036000,-0.001,-0.300000,-0.135496,4.420,7.16,0.043594,0.001298,0.000000,1.423722,-0.001,0.600,-0.031034,0.058017,0.000000,-0.062068,0.000000,0.151889,1,51.32
3.038000,-0.001,-0.300000,-0.135496,4.420,7.16,0.040012,0.002281,0.000000,1.385762,-0.001,0.600,-0.031034,0.058017,0.000000,-0.062068,0.000000,0.151889,1,51.32
3.040000,-0.002,-0.300000,-0.135496,4.420,7.16,0.036502,0.003238,0.000000,0.929856,-0.000,0.600,-0.031034,0.058017,0.000000,-0.062068,0.000000,0.151889,1,51.32
3.042000,-0.002,-0.300000,-0.135496,4.420,7.16,0.033062,0.004171,0.000000,1.132740,0.000,0.600,-0.031034,0.058017,0.000000,-0.062068,0.000000,0.151889,1,51.32
3.044000,-0.003,-0.300000,-0.135496,4.420,7.16,0.029691,0.005080,0.000000,1.526150,0.001,0.600,-0.031034,0.058017,0.000000,-0.062068,0.000000,0.151889,1,51.32
3.046000,-0.003,-0.300000,-0.135496,4.420,7.16,0.026387,0.005966,0.000000,1.670985,0.001,0.600,-0.031034,0.058017,0.000000,-0.062068,0.000000,0.151889,1,51.32
3.048000,-0.003,-0.300000,-0.135496,4.420,7.16,0.023149,0.006828,0.000000,1.274179,0.002,0.600,-0.031034,0.058017,0.000000,-0.062068,0.000000,0.151889,1,51.32
3.050000,-0.004,-0.300000,-0.135496,4.420,7.16,0.019976,0.007667,0.000000,1.486769,0.002,0.600,-0.031034,0.058017,0.000000,-0.062068,0.000000,0.151889,1,51.32
3.052000,-0.004,-0.300000,-0.135496,4.420,7.16,0.016867,0.008482,0.000000,1.635621,0.003,0.600,-0.031034,0.058017,0.000000,-0.062068,0.000000,0.151889,1,51.32
3.054000,-0.005,-0.300000,-0.135496,4.420,7.16,0.013819,0.009275,0.000000,1.524467,0.003,0.600,-0.031034,0.058017,0.000000,-0.062068,0.000000,0.151889,1,51.32
3.056000,-0.005,-0.300000,-0.135496,4.420,7.16,0.010833,0.010046,0.000000,1.091887,0.003,0.600,-0.031034,0.058017,0.000000,-0.062068,0.000000,0.151889,1,51.32
3.058000,-0.005,-0.300000,-0.135496,4.420,7.16,0.007906,0.010794,0.000000,1.098150,0.004,0.600,-0.031034,0.058017,0.000000,-0.062068,0.000000,0.151889,1,51.32
3.060000,-0.006,-0.300000,-0.135496,4.420,7.16,0.005038,0.011521,0.000000,1.090887,0.004,0.600,-0.031034,0.058017,0.000000,-0.062068,0.000000,0.151889,1,51.32
3.062000,-0.006,-0.300000,-0.135496,4.420,7.16,0.002228,0.012225,0.000000,1.038530,0.005,0.600,-0.031034,0.058017,0.000000,-0.062068,0.000000,0.151889,1,51.32
3.064000,-0.006,-0.300000,-0.135496,4.420,7.16,-0.000527,0.012907,0.000000,0.688259,0.005,0.600,-0.031034,0.058017,0.000000,-0.062068,0.000000,0.151889,1,51.32
3.066000,-0.007,-0.300000,-0.135496,4.420,7.16,-0.003226,0.013568,0.000000,0.657678,0.005,0.600,-0.031034,0.058017,0.000000,-0.062068,0.000000,0.151889,1,51.32
3.068000,-0.007,-0.300000,-0.135496,4.420,7.16,-0.005872,0.014208,0.000000,0.663240,0.006,0.600,-0.031034,0.058017,0.000000,-0.062068,0.000000,0.151889,1,51.32
3.070000,-0.007,-0.300000,-0.135496,4.420,7.16,-0.008464,0.014826,0.000000,0.635431,0.006,0.600,-0.031034,0.058017,0.000000,-0.062068,0.000000,0.151889,1,51.32
3.072000,-0.008,-0.300000,-0.135496,4.420,7.16,-0.011005,0.015424,0.000000,0.300472,0.006,0.600,-0.031034,0.058017,0.000000,-0.062068,0.000000,0.151889,1,51.32
3.074000,-0.008,-0.300000,-0.135496,4.420,7.16,-0.013495,0.016001,0.000000,0.476465,0.007,0.600,-0.031034,0.058017,0.000000,-0.062068,0.000000,0.151889,1,51.32
3.076000,-0.008,-0.300000,-0.135496,4.420,7.16,-0.015935,0.016557,0.000000,0.718084,0.007,0.600,-0.031034,0.058017,0.000000,-0.062068,0.000000,0.151889,1,51.32
3.078000,-0.009,-0.300000,-0.135496,4.420,7.16,-0.018326,0.017094,0.000000,0.889146,0.007,0.600,-0.031034,0.058017,0.000000,-0.062068,0.000000,0.151889,1,51.32
3.080000,-0.009,-0.300000,-0.135197,4.408,7.16,-0.020670,0.017609,0.000000,0.696027,0.008,0.600,-0.031672,0.059211,0.000000,-0.063344,0.000000,0.155014,1,50.94
3.082000,-0.009,-0.300000,-0.135197,4.408,7.16,-0.022960,0.018104,0.000000,0.815042,0.008,0.600,-0.031672,0.059211,0.000000,-0.063344,0.000000,0.155014,1,50.94
3.084000,-0.009,-0.300000,-0.135197,4.408,7.15,-0.025205,0.018578,0.000000,0.868992,0.008,0.600,-0.031672,0.059211,0.000000,-0.063344,0.000000,0.155014,1,50.94
3.086000,-0.010,-0.300000,-0.135197,4.408,7.15,-0.027405,0.019033,0.000000,0.846803,0.009,0.600,-0.031672,0.059211,0.000000,-0.063344,0.000000,0.155014,1,50.94
3.088000,-0.010,-0.300000,-0.135197,4.408,7.15,-0.029561,0.019469,0.000000,0.629119,0.009,0.600,-0.031672,0.059211,0.000000,-0.063344,0.000000,0.155014,1,50.94
3.090000,-0.010,-0.300000,-0.135197,4.408,7.15,-0.031674,0.019886,0.000000,0.735051,0.009,0.600,-0.031672,0.059211,0.000000,-0.063344,0.000000,0.155014,1,50.94
3.092000,-0.010,-0.300000,-0.135197,4.408,7.15,-0.033744,0.020285,0.000000,0.791119,0.009,0.600,-0.031672,0.059211,0.000000,-0.063344,0.000000,0.155014,1,50.94
3.094000,-0.010,-0.300000,-0.135197,4.408,7.14,-0.035773,0.020664,0.000000,0.743632,0.010,0.600,-0.031672,0.059211,0.000000,-0.063344,0.000000,0.155014,1,50.94
3.096000,-0.011,-0.300000,-0.135197,4.408,7.14,-0.037762,0.021026,0.000000,0.528915,0.010,0.600,-0.031672,0.059211,0.000000,-0.063344,0.000000,0.155014,1,50.94
3.098000,-0.011,-0.300000,-0.135197,4.408,7.14,-0.039711,0.021368,0.000000,0.548752,0.010,0.600,-0.031672,0.059211,0.000000,-0.063344,0.000000,0.155014,1,50.94
3.100000,-0.011,-0.022028,0.003789,4.408,7.14,-0.041620,0.021693,0.000000,0.000335,0.000,0.044,-0.031672,0.059211,0.000000,-0.063344,0.000000,0.155014,1,50.94
3.102000,-0.011,-0.136823,-0.053609,4.408,7.14,-0.043225,0.021943,0.000000,0.114880,0.000,0.274,-0.031672,0.059211,0.000000,-0.063344,0.000000,0.155014,1,50.94
3.104000,-0.011,-0.141536,-0.055965,4.408,7.14,-0.044531,0.022117,0.000000,0.119419,0.000,0.283,-0.031672,0.059211,0.000000,-0.063344,0.000000,0.155014,1,50.94
3.106000,-0.011,-0.169745,-0.070070,4.408,7.14,-0.045537,0.022217,0.000000,0.147528,0.000,0.339,-0.031672,0.059211,0.000000,-0.063344,0.000000,0.155014,1,50.94
3.108000,-0.011,-0.181883,-0.076139,4.408,7.14,-0.046249,0.022243,0.000000,0.159640,0.011,0.364,-0.031672,0.059211,0.000000,-0.063344,0.000000,0.155014,1,50.94
3.110000,-0.011,-0.178010,-0.074202,4.408,7.14,-0.046847,0.022235,0.000000,0.155775,0.011,0.356,-0.031672,0.059211,0.000000,-0.063344,0.000000,0.155014,1,50.94
3.112000,-0.011,-0.062404,-0.016399,4.408,7.14,-0.047394,0.022210,0.000000,0.040195,0.011,0.125,-0.031672,0.059211,0.000000,-0.063344,0.000000,0.155014,1,50.94
3.114000,-0.011,-0.052635,-0.011515,4.408,7.14,-0.047645,0.022114,0.000000,0.030521,0.011,0.105,-0.031672,0.059211,0.000000,-0.063344,0.000000,0.155014,1,50.94
3.116000,-0.011,-0.023991,0.002807,4.408,7.14,-0.047602,0.021948,0.000000,0.002043,0.011,0.048,-0.031672,0.059211,0.000000,-0.063344,0.000000,0.155014,1,50.94
3.118000,-0.011,0.079945,0.054775,4.408,7.14,-0.047281,0.021714,0.000000,-0.101659,0.011,0.160,-0.031672,0.059211,0.000000,-0.063344,0.000000,0.155014,1,50.94
3.120000,-0.011,0.089249,0.059155,4.419,7.14,-0.046681,0.021415,0.000000,-0.110663,0.011,0.178,-0.031089,0.058121,0.000000,-0.062179,0.000000,0.152161,1,50.93
3.122000,-0.011,0.195251,0.112156,4.419,7.14,-0.045805,0.021051,0.000000,-0.216302,0.011,0.391,-0.031089,0.058121,0.000000,-0.062179,0.000000,0.152161,1,50.93
3.124000,-0.010,0.300000,0.164530,4.419,7.15,-0.044653,0.020623,0.000000,-0.407148,0.011,0.600,-0.031089,0.058121,0.000000,-0.062179,0.000000,0.152161,1,50.93
3.126000,-0.010,0.300000,0.164530,4.419,7.15,-0.043226,0.020133,0.000000,-0.658868,0.011,0.600,-0.031089,0.058121,0.000000,-0.062179,0.000000,0.152161,1,50.93
3.128000,-0.010,0.300000,0.164530,4.419,7.15,-0.041524,0.019581,0.000000,-0.595563,0.011,0.600,-0.031089,0.058121,0.000000,-0.062179,0.000000,0.152161,1,50.93
3.130000,-0.009,0.300000,0.164530,4.419,7.15,-0.039549,0.018968,0.000000,-0.782963,0.011,0.600,-0.031089,0.058121,0.000000,-0.062179,0.000000,0.152161,1,50.93
3.132000,-0.009,0.300000,0.164530,4.419,7.15,-0.037302,0.018297,0.000000,-1.006865,0.010,0.600,-0.031089,0.058121,0.000000,-0.062179,0.000000,0.152161,1,50.93
3.134000,-0.009,0.300000,0.164530,4.419,7.15,-0.034785,0.017567,0.000000,-1.152320,0.010,0.600,-0.031089,0.058121,0.000000,-0.062179,0.000000,0.152161,1,50.93
3.136000,-0.008,0.300000,0.164530,4.419,7.16,-0.031999,0.016781,0.000000,-0.939416,0.010,0.600,-0.031089,0.058121,0.000000,-0.062179,0.000000,0.152161,1,50.93
3.138000,-0.008,0.300000,0.164530,4.419,7.16,-0.028946,0.015941,0.000000,-0.976703,0.009,0.600,-0.031089,0.058121,0.000000,-0.062179,0.000000,0.152161,1,50.93
3.140000,-0.008,0.300000,0.164530,4.419,7.16,-0.025628,0.015046,0.000000,-1.130729,0.009,0.600,-0.031089,0.058121,0.000000,-0.062179,0.000000,0.152161,1,50.93
3.142000,-0.007,0.300000,0.164530,4.419,7.16,-0.022047,0.014099,0.000000,-1.270398,0.009,0.600,-0.031089,0.058121,0.000000,-0.062179,0.000000,0.152161,1,50.93
3.144000,-0.007,0.300000,0.164530,4.419,7.16,-0.018316,0.013125,0.000000,-0.966087,0.008,0.600,-0.031089,0.058121,0.000000,-0.062179,0.000000,0.152161,1,50.93
3.146000,-0.006,0.300000,0.164530,4.419,7.16,-0.014659,0.012174,0.000000,-1.205470,0.008,0.600,-0.031089,0.058121,0.000000,-0.062179,0.000000,0.152161,1,50.93
3.148000,-0.006,0.300000,0.164530,4.419,7.16,-0.011075,0.011248,0.000000,-1.566901,0.008,0.600,-0.031089,0.058121,0.000000,-0.062179,0.000000,0.152161,1,50.93
3.150000,-0.005,0.300000,0.164530,4.419,7.16,-0.007563,0.010347,0.000000,-1.712226,0.007,0.600,-0.031089,0.058121,0.000000,-0.062179,0.000000,0.152161,1,50.93
3.152000,-0.005,0.300000,0.164530,4.419,7.16,-0.004121,0.009471,0.000000,-1.286189,0.007,0.600,-0.031089,0.058121,0.000000,-0.062179,0.000000,0.152161,1,50.93
3.154000,-0.004,0.300000,0.164530,4.419,7.16,-0.000748,0.008618,0.000000,-1.534945,0.006,0.600,-0.031089,0.058121,0.000000,-0.062179,0.000000,0.152161,1,50.93
3.156000,-0.004,0.300000,0.164530,4.419,7.16,0.002558,0.007790,0.000000,-1.671669,0.006,0.600,-0.031089,0.058121,0.000000,-0.062179,0.000000,0.152161,1,50.93
3.158000,-0.003,0.300000,0.164530,4.419,7.16,0.005797,0.006984,0.000000,-1.653810,0.005,0.600,-0.031089,0.058121,0.000000,-0.062179,0.000000,0.152161,1,50.93
3.160000,-0.003,0.300000,0.164530,4.419,7.16,0.008972,0.006202,0.000000,-1.195564,0.005,0.600,-0.031089,0.058121,0.000000,-0.062179,0.000000,0.152161,1,50.93
3.162000,-0.003,0.300000,0.164530,4.419,7.16,0.012083,0.005442,0.000000,-1.203950,0.004,0.600,-0.031089,0.058121,0.000000,-0.062179,0.000000,0.152161,1,50.93
3.164000,-0.002,0.300000,0.164530,4.419,7.16,0.015132,0.004702,0.000000,-1.229204,0.004,0.600,-0.031089,0.058121,0.000000,-0.062179,0.000000,0.152161,1,50.93
3.166000,-0.002,0.300000,0.164530,4.419,7.16,0.018120,0.003982,0.000000,-0.815745,0.003,0.600,-0.031089,0.058121,0.000000,-0.062179,0.000000,0.152161,1,50.93
3.168000,-0.002,0.300000,0.164530,4.419,7.16,0.021048,0.003280,0.000000,-0.414863,0.003,0.600,-0.031089,0.058121,0.000000,-0.062179,0.000000,0.152161,1,50.93
3.170000,-0.001,0.300000,0.164530,4.419,7.16,0.023918,0.002599,0.000000,-0.388663,0.003,0.600,-0.031089,0.058121,0.000000,-0.062179,0.000000,0.152161,1,50.93
3.172000,-0.001,0.300000,0.164530,4.419,7.16,0.026730,0.001939,0.000000,-0.545044,0.002,0.600,-0.031089,0.058121,0.000000,-0.062179,0.000000,0.152161,1,50.93
3.174000,-0.001,0.300000,0.164530,4.419,7.16,0.029486,0.001299,0.000000,-0.494851,0.002,0.600,-0.031089,0.058121,0.000000,-0.062179,0.000000,0.152161,1,50.93
3.176000,-0.000,0.300000,0.164530,4.419,7.16,0.032187,0.000681,0.000000,-0.517500,0.002,0.600,-0.031089,0.058121,0.000000,-0.062179,0.000000,0.152161,1,50.93
3.178000,-0.000,0.300000,0.164530,4.419,7.16,0.034834,0.000082,0.000000,-0.683586,0.001,0.600,-0.031089,0.058121,0.000000,-0.062179,0.000000,0.152161,1,50.93
3.180000,0.000,0.300000,0.164897,4.404,7.16,0.037428,-0.000496,0.000000,-0.953950,0.001,0.600,-0.031874,0.059587,0.000000,-0.063747,0.000000,0.155999,1,51.12
3.182000,0.001,0.300000,0.164897,4.404,7.15,0.039978,-0.001056,0.000000,-0.945143,0.001,0.600,-0.031874,0.059587,0.000000,-0.063747,0.000000,0.155999,1,51.12
3.184000,0.001,0.300000,0.164897,4.404,7.15,0.042476,-0.001597,0.000000,-0.713978,0.000,0.600,-0.031874,0.059587,0.000000,-0.063747,0.000000,0.155999,1,51.12
3.186000,0.001,0.300000,0.164897,4.404,7.15,0.044924,-0.002118,0.000000,-0.850760,0.000,0.600,-0.031874,0.059587,0.000000,-0.063747,0.000000,0.155999,1,51.12
3.188000,0.001,0.300000,0.164897,4.404,7.14,0.047324,-0.002618,0.000000,-0.890911,-0.000,0.600,-0.031874,0.059587,0.000000,-0.063747,0.000000,0.155999,1,51.12
3.190000,0.002,0.300000,0.164897,4.404,7.14,0.049675,-0.003096,0.000000,-0.846205,-0.001,0.600,-0.031874,0.059587,0.000000,-0.063747,0.000000,0.155999,1,51.12
3.192000,0.002,0.300000,0.164897,4.404,7.14,0.051980,-0.003550,0.000000,-0.669963,-0.001,0.600,-0.031874,0.059587,0.000000,-0.063747,0.000000,0.155999,1,51.12
3.194000,0.002,0.300000,0.164897,4.404,7.14,0.054238,-0.003984,0.000000,-0.674046,-0.001,0.600,-0.031874,0.059587,0.000000,-0.063747,0.000000,0.155999,1,51.12
3.196000,0.002,0.300000,0.164897,4.404,7.14,0.056451,-0.004398,0.000000,-0.686471,-0.001,0.600,-0.031874,0.059587,0.000000,-0.063747,0.000000,0.155999,1,51.12
3.198000,0.002,0.300000,0.164897,4.404,7.14,0.058620,-0.004794,0.000000,-0.662860,-0.002,0.600,-0.031874,0.059587,0.000000,-0.063747,0.000000,0.155999,1,51.12
3.200000,0.003,0.005249,0.017521,4.404,7.14,0.060746,-0.005171,0.000000,-0.000078,0.000,0.010,-0.031874,0.059587,0.000000,-0.063747,0.000000,0.155999,1,51.12
3.202000,0.003,0.081847,0.055820,4.404,7.14,0.062556,-0.005479,0.000000,-0.076368,0.000,0.164,-0.031874,0.059587,0.000000,-0.063747,0.000000,0.155999,1,51.12
3.204000,0.003,0.192006,0.110900,4.404,7.14,0.064070,-0.005711,0.000000,-0.186294,0.000,0.384,-0.031874,0.059587,0.000000,-0.063747,0.000000,0.155999,1,51.12
3.206000,0.003,0.269254,0.149524,4.404,7.14,0.065290,-0.005867,0.000000,-0.263387,0.000,0.539,-0.031874,0.059587,0.000000,-0.063747,0.000000,0.155999,1,51.12
3.208000,0.003,0.279455,0.154624,4.404,7.14,0.066775,-0.006065,0.000000,-0.273390,-0.003,0.559,-0.031874,0.059587,0.000000,-0.063747,0.000000,0.155999,1,51.12
3.210000,0.003,0.300000,0.164897,4.404,7.14,0.068510,-0.006313,0.000000,-0.352582,-0.003,0.600,-0.031874,0.059587,0.000000,-0.063747,0.000000,0.155999,1,51.12
3.212000,0.003,0.300000,0.164897,4.404,7.14,0.070437,-0.006599,0.000000,-0.384294,-0.003,0.600,-0.031874,0.059587,0.000000,-0.063747,0.000000,0.155999,1,51.12
3.214000,0.003,0.300000,0.164897,4.404,7.14,0.072326,-0.006870,0.000000,-0.395569,-0.003,0.600,-0.031874,0.059587,0.000000,-0.063747,0.000000,0.155999,1,51.12
3.216000,0.004,0.300000,0.164897,4.404,7.13,0.074178,-0.007124,0.000000,-0.331042,-0.003,0.600,-0.031874,0.059587,0.000000,-0.063747,0.000000,0.155999,1,51.12
3.218000,0.004,0.300000,0.164897,4.404,7.13,0.075992,-0.007361,0.000000,-0.321614,-0.003,0.600,-0.031874,0.059587,0.000000,-0.063747,0.000000,0.155999,1,51.12
3.220000,0.004,0.300000,0.164546,4.418,7.13,0.077770,-0.007581,0.000000,-0.313353,-0.003,0.600,-0.031124,0.058185,0.000000,-0.062247,0.000000,0.152329,1,51.38
3.222000,0.004,0.298668,0.163881,4.418,7.14,0.079506,-0.007782,0.000000,-0.290887,-0.003,0.597,-0.031124,0.058185,0.000000,-0.062247,0.000000,0.152329,1,51.38
3.224000,0.004,0.185155,0.107124,4.418,7.14,0.081193,-0.007963,0.000000,-0.177192,-0.004,0.370,-0.031124,0.058185,0.000000,-0.062247,0.000000,0.152329,1,51.38
3.226000,0.004,0.202599,0.115846,4.418,7.15,0.082573,-0.008077,0.000000,-0.194521,-0.004,0.405,-0.031124,0.058185,0.000000,-0.062247,0.000000,0.152329,1,51.38
3.228000,0.004,0.220283,0.124688,4.418,7.15,0.083674,-0.008119,0.000000,-0.212164,-0.004,0.441,-0.031124,0.058185,0.000000,-0.062247,0.000000,0.152329,1,51.38
3.230000,0.004,0.134489,0.081791,4.418,7.15,0.084498,-0.008088,0.000000,-0.126401,-0.004,0.269,-0.031124,0.058185,0.000000,-0.062247,0.000000,0.152329,1,51.38
3.232000,0.004,0.043384,0.036238,4.418,7.15,0.085041,-0.007985,0.000000,-0.035398,-0.004,0.087,-0.031124,0.058185,0.000000,-0.062247,0.000000,0.152329,1,51.38
3.234000,0.004,-0.016109,0.006492,4.418,7.15,0.085304,-0.007811,0.000000,0.023919,-0.004,0.032,-0.031124,0.058185,0.000000,-0.062247,0.000000,0.152329,1,51.38
3.236000,0.004,-0.164328,-0.067617,4.418,7.15,0.085282,-0.007564,0.000000,0.171892,-0.004,0.329,-0.031124,0.058185,0.000000,-0.062247,0.000000,0.152329,1,51.38
3.238000,0.004,-0.300000,-0.135454,4.418,7.15,0.084977,-0.007248,0.000000,0.318642,-0.004,0.600,-0.031124,0.058185,0.000000,-0.062247,0.000000,0.152329,1,51.38
3.240000,0.003,-0.300000,-0.135454,4.418,7.15,0.084436,-0.006873,0.000000,0.323123,-0.004,0.600,-0.031124,0.058185,0.000000,-0.062247,0.000000,0.152329,1,51.38
3.242000,0.003,-0.300000,-0.135454,4.418,7.16,0.083659,-0.006443,0.000000,0.348047,-0.004,0.600,-0.031124,0.058185,0.000000,-0.062247,0.000000,0.152329,1,51.38
3.244000,0.003,-0.300000,-0.135454,4.418,7.16,0.082644,-0.005957,0.000000,0.464301,-0.004,0.600,-0.031124,0.058185,0.000000,-0.062247,0.000000,0.152329,1,51.38
3.246000,0.003,-0.300000,-0.135454,4.418,7.16,0.081389,-0.005418,0.000000,0.582465,-0.004,0.600,-0.031124,0.058185,0.000000,-0.062247,0.000000,0.152329,1,51.38
3.248000,0.002,-0.300000,-0.135454,4.418,7.16,0.079889,-0.004827,0.000000,0.475648,-0.003,0.600,-0.031124,0.058185,0.000000,-0.062247,0.000000,0.152329,1,51.38
3.250000,0.002,-0.300000,-0.135454,4.418,7.16,0.078146,-0.004185,0.000000,0.642298,-0.003,0.600,-0.031124,0.058185,0.000000,-0.062247,0.000000,0.152329,1,51.38
3.252000,0.002,-0.300000,-0.135454,4.418,7.16,0.076158,-0.003491,0.000000,0.934865,-0.003,0.600,-0.031124,0.058185,0.000000,-0.062247,0.000000,0.152329,1,51.38
3.254000,0.001,-0.300000,-0.135454,4.418,7.16,0.073925,-0.002745,0.000000,1.157627,-0.003,0.600,-0.031124,0.058185,0.000000,-0.062247,0.000000,0.152329,1,51.38
3.256000,0.001,-0.300000,-0.135454,4.418,7.16,0.071445,-0.001947,0.000000,0.962672,-0.002,0.600,-0.031124,0.058185,0.000000,-0.062247,0.000000,0.152329,1,51.38
3.258000,0.001,-0.300000,-0.135454,4.418,7.16,0.068715,-0.001099,0.000000,1.187531,-0.002,0.600,-0.031124,0.058185,0.000000,-0.062247,0.000000,0.152329,1,51.38
3.260000,0.000,-0.300000,-0.135454,4.418,7.16,0.065736,-0.000200,0.000000,1.424293,-0.002,0.600,-0.031124,0.058185,0.000000,-0.062247,0.000000,0.152329,1,51.38
3.262000,-0.000,-0.300000,-0.135454,4.418,7.16,0.062503,0.000749,0.000000,1.500650,-0.001,0.600,-0.031124,0.058185,0.000000,-0.062247,0.000000,0.152329,1,51.38
3.264000,-0.001,-0.300000,-0.135454,4.418,7.16,0.059016,0.001749,0.000000,1.162443,-0.001,0.600,-0.031124,0.058185,0.000000,-0.062247,0.000000,0.152329,1,51.38
3.266000,-0.001,-0.300000,-0.135454,4.418,7.16,0.055277,0.002800,0.000000,1.189979,-0.001,0.600,-0.031124,0.058185,0.000000,-0.062247,0.000000,0.152329,1,51.38
3.268000,-0.002,-0.300000,-0.135454,4.418,7.16,0.051463,0.003876,0.000000,1.352407,-0.000,0.600,-0.031124,0.058185,0.000000,-0.062247,0.000000,0.152329,1,51.38
3.270000,-0.002,-0.300000,-0.135454,4.418,7.16,0.047724,0.004928,0.000000,0.932240,0.000,0.600,-0.031124,0.058185,0.000000,-0.062247,0.000000,0.152329,1,51.38
3.272000,-0.003,-0.300000,-0.135454,4.418,7.16,0.044061,0.005951,0.000000,0.566207,0.001,0.600,-0.031124,0.058185,0.000000,-0.062247,0.000000,0.152329,1,51.38
3.274000,-0.003,-0.300000,-0.135454,4.418,7.16,0.040470,0.006948,0.000000,0.530978,0.001,0.600,-0.031124,0.058185,0.000000,-0.062247,0.000000,0.152329,1,51.38
3.276000,-0.004,-0.300000,-0.135454,4.418,7.16,0.036952,0.007919,0.000000,0.485701,0.002,0.600,-0.031124,0.058185,0.000000,-0.062247,0.000000,0.152329,1,51.38
3.278000,-0.004,-0.300000,-0.135454,4.418,7.16,0.033503,0.008863,0.000000,0.468598,0.002,0.600,-0.031124,0.058185,0.000000,-0.062247,0.000000,0.152329,1,51.38
3.280000,-0.005,-0.300000,-0.134934,4.397,7.16,0.030124,0.009781,0.000000,0.497380,0.003,0.600,-0.032235,0.060264,0.000000,-0.064471,0.000000,0.157770,1,51.21
3.282000,-0.005,-0.300000,-0.134934,4.397,7.15,0.026823,0.010670,0.000000,0.721672,0.003,0.600,-0.032235,0.060264,0.000000,-0.064471,0.000000,0.157770,1,51.21
3.284000,-0.006,-0.300000,-0.134934,4.397,7.15,0.023588,0.011533,0.000000,1.100861,0.004,0.600,-0.032235,0.060264,0.000000,-0.064471,0.000000,0.157770,1,51.21
3.286000,-0.006,-0.300000,-0.134934,4.397,7.14,0.020417,0.012372,0.000000,1.519887,0.004,0.600,-0.032235,0.060264,0.000000,-0.064471,0.000000,0.157770,1,51.21
3.288000,-0.007,-0.300000,-0.134934,4.397,7.14,0.017310,0.013187,0.000000,1.168726,0.005,0.600,-0.032235,0.060264,0.000000,-0.064471,0.000000,0.157770,1,51.21
3.290000,-0.007,-0.300000,-0.134934,4.397,7.13,0.014265,0.013977,0.000000,1.392855,0.005,0.600,-0.032235,0.060264,0.000000,-0.064471,0.000000,0.157770,1,51.21
3.292000,-0.007,-0.300000,-0.134934,4.397,7.13,0.011281,0.014744,0.000000,1.501988,0.006,0.600,-0.032235,0.060264,0.000000,-0.064471,0.000000,0.157770,1,51.21
3.294000,-0.008,-0.300000,-0.134934,4.397,7.13,0.008357,0.015487,0.000000,1.455518,0.006,0.600,-0.032235,0.060264,0.000000,-0.064471,0.000000,0.157770,1,51.21
3.296000,-0.008,-0.300000,-0.134934,4.397,7.13,0.005491,0.016207,0.000000,1.050121,0.007,0.600,-0.032235,0.060264,0.000000,-0.064471,0.000000,0.157770,1,51.21
3.298000,-0.008,-0.300000,-0.134934,4.397,7.13,0.002682,0.016904,0.000000,1.063834,0.007,0.600,-0.032235,0.060264,0.000000,-0.064471,0.000000,0.157770,1,51.21
3.300000,-0.009,-0.017838,0.006147,4.397,7.13,-0.000070,0.017577,0.000000,0.000260,0.000,0.036,-0.032235,0.060264,0.000000,-0.064471,0.000000,0.157770,1,51.21
3.302000,-0.009,-0.300000,-0.134934,4.397,7.13,-0.002532,0.018176,0.000000,0.296992,0.000,0.600,-0.032235,0.060264,0.000000,-0.064471,0.000000,0.157770,1,51.21
3.304000,-0.009,-0.300000,-0.134934,4.397,7.13,-0.005179,0.018804,0.000000,0.318265,0.000,0.600,-0.032235,0.060264,0.000000,-0.064471,0.000000,0.157770,1,51.21
3.306000,-0.010,-0.300000,-0.134934,4.397,7.13,-0.007775,0.019413,0.000000,0.516463,0.000,0.600,-0.032235,0.060264,0.000000,-0.064471,0.000000,0.157770,1,51.21
3.308000,-0.010,-0.300000,-0.134934,4.397,7.13,-0.010318,0.019999,0.000000,0.781807,0.009,0.600,-0.032235,0.060264,0.000000,-0.064471,0.000000,0.157770,1,51.21
3.310000,-0.010,-0.300000,-0.134934,4.397,7.12,-0.012810,0.020563,0.000000,1.070264,0.009,0.600,-0.032235,0.060264,0.000000,-0.064471,0.000000,0.157770,1,51.21
3.312000,-0.011,-0.300000,-0.134934,4.397,7.12,-0.015253,0.021106,0.000000,0.796164,0.009,0.600,-0.032235,0.060264,0.000000,-0.064471,0.000000,0.157770,1,51.21
3.314000,-0.011,-0.300000,-0.134934,4.397,7.12,-0.017646,0.021627,0.000000,0.939408,0.010,0.600,-0.032235,0.060264,0.000000,-0.064471,0.000000,0.157770,1,51.21
3.316000,-0.011,-0.300000,-0.134934,4.397,7.12,-0.019992,0.022127,0.000000,1.008195,0.010,0.600,-0.032235,0.060264,0.000000,-0.064471,0.000000,0.157770,1,51.21
3.318000,-0.011,-0.300000,-0.134934,4.397,7.12,-0.022291,0.022606,0.000000,1.019423,0.010,0.600,-0.032235,0.060264,0.000000,-0.064471,0.000000,0.157770,1,51.21
3.320000,-0.012,-0.300000,-0.134934,4.397,7.12,-0.024544,0.023064,0.000000,0.749950,0.011,0.600,-0.032235,0.060264,0.000000,-0.064471,0.000000,0.157770,1,51.21
3.322000,-0.012,-0.300000,-0.134934,4.397,7.12,-0.026752,0.023502,0.000000,0.728308,0.011,0.600,-0.032235,0.060264,0.000000,-0.064471,0.000000,0.157770,1,51.21
3.324000,-0.012,-0.300000,-0.134934,4.397,7.12,-0.028916,0.023919,0.000000,0.709473,0.011,0.600,-0.032235,0.060264,0.000000,-0.064471,0.000000,0.157770,1,51.21
3.326000,-0.012,-0.300000,-0.134934,4.397,7.12,-0.031036,0.024316,0.000000,0.620730,0.011,0.600,-0.032235,0.060264,0.000000,-0.064471,0.000000,0.157770,1,51.21
3.328000,-0.012,-0.300000,-0.134934,4.397,7.12,-0.033114,0.024693,0.000000,0.361057,0.012,0.600,-0.032235,0.060264,0.000000,-0.064471,0.000000,0.157770,1,51.21
3.330000,-0.013,-0.300000,-0.134934,4.397,7.12,-0.035151,0.025050,0.000000,0.446182,0.012,0.600,-0.032235,0.060264,0.000000,-0.064471,0.000000,0.157770,1,51.21
3.332000,-0.013,-0.300000,-0.134934,4.397,7.12,-0.037146,0.025388,0.000000,0.587763,0.012,0.600,-0.032235,0.060264,0.000000,-0.064471,0.000000,0.157770,1,51.21
3.334000,-0.013,-0.300000,-0.134934,4.397,7.12,-0.039102,0.025706,0.000000,0.577504,0.012,0.600,-0.032235,0.060264,0.000000,-0.064471,0.000000,0.157770,1,51.21
3.336000,-0.013,-0.300000,-0.134934,4.397,7.12,-0.041019,0.026005,0.000000,0.413249,0.012,0.600,-0.032235,0.060264,0.000000,-0.064471,0.000000,0.157770,1,51.21
3.338000,-0.013,-0.300000,-0.134934,4.397,7.12,-0.042897,0.026285,0.000000,0.478612,0.013,0.600,-0.032235,0.060264,0.000000,-0.064471,0.000000,0.157770,1,51.21
3.340000,-0.013,-0.300000,-0.134934,4.397,7.12,-0.044738,0.026546,0.000000,0.481286,0.013,0.600,-0.032235,0.060264,0.000000,-0.064471,0.000000,0.157770,1,51.03
3.342000,-0.013,-0.300000,-0.134934,4.397,7.12,-0.046542,0.026789,0.000000,0.461734,0.013,0.600,-0.032235,0.060264,0.000000,-0.064471,0.000000,0.157770,1,51.03
3.344000,-0.014,-0.300000,-0.134934,4.397,7.12,-0.048310,0.027013,0.000000,0.337646,0.013,0.600,-0.032235,0.060264,0.000000,-0.064471,0.000000,0.157770,1,51.03
3.346000,-0.014,-0.300000,-0.134934,4.397,7.12,-0.050043,0.027219,0.000000,0.337327,0.013,0.600,-0.032235,0.060264,0.000000,-0.064471,0.000000,0.157770,1,51.03
3.348000,-0.014,-0.300000,-0.134934,4.397,7.12,-0.051740,0.027407,0.000000,0.323438,0.013,0.600,-0.032235,0.060264,0.000000,-0.064471,0.000000,0.157770,1,51.03
3.350000,-0.014,-0.300000,-0.134934,4.397,7.12,-0.053404,0.027578,0.000000,0.277471,0.013,0.600,-0.032235,0.060264,0.000000,-0.064471,0.000000,0.157770,1,51.03
3.352000,-0.014,-0.188073,-0.078971,4.397,7.12,-0.055035,0.027730,0.000000,0.160343,0.014,0.376,-0.032235,0.060264,0.000000,-0.064471,0.000000,0.157770,1,51.03
3.354000,-0.014,-0.197585,-0.083727,4.397,7.12,-0.056369,0.027806,0.000000,0.169779,0.014,0.395,-0.032235,0.060264,0.000000,-0.064471,0.000000,0.157770,1,51.03
3.356000,-0.014,-0.183525,-0.076697,4.397,7.12,-0.057409,0.027805,0.000000,0.155720,0.014,0.367,-0.032235,0.060264,0.000000,-0.064471,0.000000,0.157770,1,51.03
3.358000,-0.014,-0.075942,-0.022905,4.397,7.12,-0.058158,0.027728,0.000000,0.048213,0.014,0.152,-0.032235,0.060264,0.000000,-0.064471,0.000000,0.157770,1,51.03
3.360000,-0.014,-0.007073,0.011530,4.397,7.12,-0.058614,0.027576,0.000000,-0.020503,0.014,0.014,-0.032235,0.060264,0.000000,-0.064471,0.000000,0.157770,1,51.03
3.362000,-0.014,0.065557,0.047844,4.397,7.12,-0.058776,0.027348,0.000000,-0.092904,0.014,0.131,-0.032235,0.060264,0.000000,-0.064471,0.000000,0.157770,1,51.03
3.364000,-0.014,0.223899,0.127015,4.397,7.12,-0.058642,0.027045,0.000000,-0.250944,0.014,0.448,-0.032235,0.060264,0.000000,-0.064471,0.000000,0.157770,1,51.03
3.366000,-0.013,0.300000,0.165066,4.397,7.12,-0.058210,0.026668,0.000000,-0.440599,0.014,0.600,-0.032235,0.060264,0.000000,-0.064471,0.000000,0.157770,1,51.03
3.368000,-0.013,0.300000,0.165066,4.397,7.12,-0.057479,0.026218,0.000000,-0.425936,0.014,0.600,-0.032235,0.060264,0.000000,-0.064471,0.000000,0.157770,1,51.03
3.370000,-0.013,0.300000,0.165066,4.397,7.12,-0.056447,0.025695,0.000000,-0.450558,0.014,0.600,-0.032235,0.060264,0.000000,-0.064471,0.000000,0.157770,1,51.03
3.372000,-0.013,0.300000,0.165066,4.397,7.12,-0.055113,0.025100,0.000000,-0.597077,0.014,0.600,-0.032235,0.060264,0.000000,-0.064471,0.000000,0.157770,1,51.03
3.374000,-0.012,0.300000,0.165066,4.397,7.12,-0.053475,0.024432,0.000000,-0.461436,0.013,0.600,-0.032235,0.060264,0.000000,-0.064471,0.000000,0.157770,1,51.03
3.376000,-0.012,0.272000,0.151066,4.397,7.12,-0.051538,0.023695,0.000000,-0.295695,0.013,0.544,-0.032235,0.060264,0.000000,-0.064471,0.000000,0.157770,1,51.03
3.378000,-0.011,0.262341,0.146236,4.397,7.12,-0.049302,0.022890,0.000000,-0.285231,0.013,0.525,-0.032235,0.060264,0.000000,-0.064471,0.000000,0.157770,1,51.03
3.380000,-0.011,0.298059,0.164339,4.388,7.12,-0.046767,0.022017,0.000000,-0.320076,0.013,0.596,-0.032757,0.061240,0.000000,-0.065515,0.000000,0.160325,1,51.05
3.382000,-0.011,0.300000,0.165310,4.388,7.12,-0.043931,0.021077,0.000000,-0.490674,0.012,0.600,-0.032757,0.061240,0.000000,-0.065515,0.000000,0.160325,1,51.05
3.384000,-0.010,0.300000,0.165310,4.388,7.12,-0.040794,0.020073,0.000000,-0.520852,0.012,0.600,-0.032757,0.061240,0.000000,-0.065515,0.000000,0.160325,1,51.05
3.386000,-0.010,0.300000,0.165310,4.388,7.12,-0.037359,0.019004,0.000000,-0.800598,0.011,0.600,-0.032757,0.061240,0.000000,-0.065515,0.000000,0.160325,1,51.05
3.388000,-0.009,0.300000,0.165310,4.388,7.11,-0.033624,0.017874,0.000000,-1.273379,0.011,0.600,-0.032757,0.061240,0.000000,-0.065515,0.000000,0.160325,1,51.05
3.390000,-0.008,0.300000,0.165310,4.388,7.11,-0.029646,0.016694,0.000000,-1.811299,0.011,0.600,-0.032757,0.061240,0.000000,-0.065515,0.000000,0.160325,1,51.05
3.392000,-0.008,0.300000,0.165310,4.388,7.11,-0.025747,0.015538,0.000000,-1.483588,0.010,0.600,-0.032757,0.061240,0.000000,-0.065515,0.000000,0.160325,1,51.05
3.394000,-0.007,0.300000,0.165310,4.388,7.11,-0.021925,0.014409,0.000000,-1.766227,0.010,0.600,-0.032757,0.061240,0.000000,-0.065515,0.000000,0.160325,1,51.05
3.396000,-0.007,0.300000,0.165310,4.388,7.11,-0.018181,0.013306,0.000000,-1.940625,0.009,0.600,-0.032757,0.061240,0.000000,-0.065515,0.000000,0.160325,1,51.05
3.398000,-0.006,0.300000,0.165310,4.388,7.11,-0.014511,0.012230,0.000000,-1.958810,0.008,0.600,-0.032757,0.061240,0.000000,-0.065515,0.000000,0.160325,1,51.05
3.400000,-0.006,-0.011341,0.009639,4.388,7.11,-0.010914,0.011179,0.000000,0.000162,0.000,0.023,-0.032757,0.061240,0.000000,-0.065515,0.000000,0.160325,1,51.05
3.402000,-0.005,0.061610,0.046115,4.388,7.11,-0.007646,0.010210,0.000000,-0.071820,0.000,0.123,-0.032757,0.061240,0.000000,-0.065515,0.000000,0.160325,1,51.05
3.404000,-0.005,0.300000,0.165310,4.388,7.11,-0.004704,0.009324,0.000000,-0.400371,0.000,0.600,-0.032757,0.061240,0.000000,-0.065515,0.000000,0.160325,1,51.05
3.406000,-0.004,0.300000,0.165310,4.388,7.11,-0.001458,0.008387,0.000000,-0.753456,0.000,0.600,-0.032757,0.061240,0.000000,-0.065515,0.000000,0.160325,1,51.05
3.408000,-0.004,0.300000,0.165310,4.388,7.11,0.001878,0.007431,0.000000,-0.783226,0.006,0.600,-0.032757,0.061240,0.000000,-0.065515,0.000000,0.160325,1,51.05
3.410000,-0.003,0.300000,0.165310,4.388,7.11,0.005146,0.006495,0.000000,-1.027155,0.005,0.600,-0.032757,0.061240,0.000000,-0.065515,0.000000,0.160325,1,51.05
3.412000,-0.003,0.300000,0.165310,4.388,7.11,0.008350,0.005582,0.000000,-1.388093,0.005,0.600,-0.032757,0.061240,0.000000,-0.065515,0.000000,0.160325,1,51.05
3.414000,-0.002,0.300000,0.165310,4.388,7.11,0.011489,0.004690,0.000000,-1.452894,0.004,0.600,-0.032757,0.061240,0.000000,-0.065515,0.000000,0.160325,1,51.05
3.416000,-0.002,0.300000,0.165310,4.388,7.11,0.014565,0.003817,0.000000,-1.139064,0.004,0.600,-0.032757,0.061240,0.000000,-0.065515,0.000000,0.160325,1,51.05
3.418000,-0.001,0.300000,0.165310,4.388,7.11,0.017580,0.002965,0.000000,-1.349898,0.003,0.600,-0.032757,0.061240,0.000000,-0.065515,0.000000,0.160325,1,51.05
3.420000,-0.001,0.300000,0.165310,4.388,7.11,0.020535,0.002136,0.000000,-1.506496,0.003,0.600,-0.032757,0.061240,0.000000,-0.065515,0.000000,0.160325,1,51.05
3.422000,-0.001,0.300000,0.165310,4.388,7.11,0.023430,0.001328,0.000000,-1.147756,0.002,0.600,-0.032757,0.061240,0.000000,-0.065515,0.000000,0.160325,1,51.05
3.424000,-0.000,0.300000,0.165310,4.388,7.11,0.026268,0.000542,0.000000,-0.755882,0.002,0.600,-0.032757,0.061240,0.000000,-0.065515,0.000000,0.160325,1,51.05
3.426000,0.000,0.300000,0.165310,4.388,7.11,0.029049,-0.000223,0.000000,-0.925871,0.001,0.600,-0.032757,0.061240,0.000000,-0.065515,0.000000,0.160325,1,51.05
3.428000,0.000,0.300000,0.165310,4.388,7.11,0.031774,-0.000967,0.000000,-1.079376,0.001,0.600,-0.032757,0.061240,0.000000,-0.065515,0.000000,0.160325,1,51.05
3.430000,0.001,0.300000,0.165310,4.388,7.11,0.034445,-0.001689,0.000000,-1.052079,0.001,0.600,-0.032757,0.061240,0.000000,-0.065515,0.000000,0.160325,1,51.05
3.432000,0.001,0.300000,0.165310,4.388,7.11,0.037062,-0.002388,0.000000,-1.010928,0.000,0.600,-0.032757,0.061240,0.000000,-0.065515,0.000000,0.160325,1,51.05
3.434000,0.002,0.300000,0.165310,4.388,7.11,0.039627,-0.003063,0.000000,-1.217868,-0.000,0.600,-0.032757,0.061240,0.000000,-0.065515,0.000000,0.160325,1,51.05
3.436000,0.002,0.300000,0.165310,4.388,7.11,0.042141,-0.003712,0.000000,-1.353678,-0.000,0.600,-0.032757,0.061240,0.000000,-0.065515,0.000000,0.160325,1,51.05
3.438000,0.002,0.300000,0.165310,4.388,7.11,0.044604,-0.004341,0.000000,-1.300905,-0.001,0.600,-0.032757,0.061240,0.000000,-0.065515,0.000000,0.160325,1,51.05
3.440000,0.002,0.300000,0.165113,4.395,7.11,0.047019,-0.004948,0.000000,-0.958143,-0.001,0.600,-0.032336,0.060451,0.000000,-0.064671,0.000000,0.158262,1,50.72
3.442000,0.003,0.300000,0.165113,4.395,7.11,0.049381,-0.005535,0.000000,-0.969446,-0.002,0.600,-0.032336,0.060451,0.000000,-0.064671,0.000000,0.158262,1,50.72
3.444000,0.003,0.300000,0.165113,4.395,7.11,0.051695,-0.006101,0.000000,-0.772432,-0.002,0.600,-0.032336,0.060451,0.000000,-0.064671,0.000000,0.158262,1,50.72
3.446000,0.003,0.300000,0.165113,4.395,7.11,0.053964,-0.006647,0.000000,-0.647618,-0.002,0.600,-0.032336,0.060451,0.000000,-0.064671,0.000000,0.158262,1,50.72
3.448000,0.004,0.300000,0.165113,4.395,7.12,0.056187,-0.007175,0.000000,-0.331199,-0.002,0.600,-0.032336,0.060451,0.000000,-0.064671,0.000000,0.158262,1,50.72
3.450000,0.004,0.300000,0.165113,4.395,7.12,0.058365,-0.007683,0.000000,-0.339855,-0.003,0.600,-0.032336,0.060451,0.000000,-0.064671,0.000000,0.158262,1,50.72
3.452000,0.004,0.300000,0.165113,4.395,7.12,0.060500,-0.008172,0.000000,-0.487688,-0.003,0.600,-0.032336,0.060451,0.000000,-0.064671,0.000000,0.158262,1,50.72
3.454000,0.004,0.300000,0.165113,4.395,7.12,0.062593,-0.008642,0.000000,-0.716967,-0.003,0.600,-0.032336,0.060451,0.000000,-0.064671,0.000000,0.158262,1,50.72
3.456000,0.005,0.300000,0.165113,4.395,7.12,0.064643,-0.009094,0.000000,-0.510659,-0.004,0.600,-0.032336,0.060451,0.000000,-0.064671,0.000000,0.158262,1,50.72
3.458000,0.005,0.300000,0.165113,4.395,7.12,0.066652,-0.009528,0.000000,-0.610260,-0.004,0.600,-0.032336,0.060451,0.000000,-0.064671,0.000000,0.158262,1,50.72
3.460000,0.005,0.300000,0.165113,4.395,7.12,0.068622,-0.009943,0.000000,-0.766568,-0.004,0.600,-0.032336,0.060451,0.000000,-0.064671,0.000000,0.158262,1,50.72
3.462000,0.005,0.300000,0.165113,4.395,7.12,0.070551,-0.010341,0.000000,-0.767400,-0.004,0.600,-0.032336,0.060451,0.000000,-0.064671,0.000000,0.158262,1,50.72
3.464000,0.005,0.300000,0.165113,4.395,7.12,0.072443,-0.010720,0.000000,-0.544334,-0.005,0.600,-0.032336,0.060451,0.000000,-0.064671,0.000000,0.158262,1,50.72
3.466000,0.006,0.300000,0.165113,4.395,7.12,0.074296,-0.011082,0.000000,-0.631189,-0.005,0.600,-0.032336,0.060451,0.000000,-0.064671,0.000000,0.158262,1,50.72
3.468000,0.006,0.300000,0.165113,4.395,7.12,0.076113,-0.011426,0.000000,-0.647771,-0.005,0.600,-0.032336,0.060451,0.000000,-0.064671,0.000000,0.158262,1,50.72
3.470000,0.006,0.300000,0.165113,4.395,7.12,0.077893,-0.011754,0.000000,-0.613833,-0.005,0.600,-0.032336,0.060451,0.000000,-0.064671,0.000000,0.158262,1,50.72
3.472000,0.006,0.300000,0.165113,4.395,7.12,0.079637,-0.012063,0.000000,-0.426964,-0.005,0.600,-0.032336,0.060451,0.000000,-0.064671,0.000000,0.158262,1,50.72
3.474000,0.006,0.300000,0.165113,4.395,7.12,0.081347,-0.012356,0.000000,-0.499442,-0.006,0.600,-0.032336,0.060451,0.000000,-0.064671,0.000000,0.158262,1,50.72
3.476000,0.006,0.300000,0.165113,4.395,7.12,0.083022,-0.012632,0.000000,-0.399225,-0.006,0.600,-0.032336,0.060451,0.000000,-0.064671,0.000000,0.158262,1,50.72
3.478000,0.006,0.300000,0.165113,4.395,7.12,0.084664,-0.012891,0.000000,-0.341965,-0.006,0.600,-0.032336,0.060451,0.000000,-0.064671,0.000000,0.158262,1,50.72
3.480000,0.007,0.206906,0.119269,4.367,7.12,0.086273,-0.013134,0.000000,-0.193772,-0.006,0.414,-0.033840,0.063263,0.000000,-0.067679,0.000000,0.165622,1,50.65
3.482000,0.007,0.212166,0.121899,4.367,7.11,0.087518,-0.013296,0.000000,-0.198870,-0.006,0.424,-0.033840,0.063263,0.000000,-0.067679,0.000000,0.165622,1,50.65
3.484000,0.007,0.152544,0.092088,4.367,7.10,0.088420,-0.013373,0.000000,-0.139172,-0.006,0.305,-0.033840,0.063263,0.000000,-0.067679,0.000000,0.165622,1,50.65
3.486000,0.007,0.146771,0.089201,4.367,7.10,0.088984,-0.013362,0.000000,-0.133409,-0.006,0.294,-0.033840,0.063263,0.000000,-0.067679,0.000000,0.165622,1,50.65
3.488000,0.007,0.059515,0.045573,4.367,7.09,0.089210,-0.013265,0.000000,-0.046250,-0.007,0.119,-0.033840,0.063263,0.000000,-0.067679,0.000000,0.165622,1,50.65
3.490000,0.007,-0.000455,0.015588,4.367,7.09,0.089097,-0.013082,0.000000,0.013536,-0.007,0.001,-0.033840,0.063263,0.000000,-0.067679,0.000000,0.165622,1,50.65
3.492000,0.006,-0.113996,-0.041182,4.367,7.09,0.088689,-0.012825,0.000000,0.126821,-0.007,0.228,-0.033840,0.063263,0.000000,-0.067679,0.000000,0.165622,1,50.65
3.494000,0.006,-0.280782,-0.124575,4.367,7.08,0.087982,-0.012497,0.000000,0.293279,-0.007,0.562,-0.033840,0.063263,0.000000,-0.067679,0.000000,0.165622,1,50.65
3.496000,0.006,-0.294759,-0.131564,4.367,7.08,0.086974,-0.012097,0.000000,0.306857,-0.007,0.590,-0.033840,0.063263,0.000000,-0.067679,0.000000,0.165622,1,50.65
3.498000,0.006,-0.300000,-0.134184,4.367,7.08,0.085665,-0.011628,0.000000,0.434778,-0.007,0.600,-0.033840,0.063263,0.000000,-0.067679,0.000000,0.165622,1,50.65
3.500000,0.006,0.011247,0.021439,4.367,7.08,0.084053,-0.011089,0.000000,-0.000158,0.000,0.022,-0.033840,0.063263,0.000000,-0.067679,0.000000,0.165622,1,50.65
3.502000,0.005,-0.218060,-0.093214,4.367,7.08,0.082800,-0.010621,0.000000,0.228681,0.000,0.436,-0.033840,0.063263,0.000000,-0.067679,0.000000,0.165622,1,50.65
3.504000,0.005,-0.244970,-0.106669,4.367,7.08,0.081219,-0.010091,0.000000,0.255061,0.000,0.490,-0.033840,0.063263,0.000000,-0.067679,0.000000,0.165622,1,50.65
3.506000,0.005,-0.282830,-0.125599,4.367,7.08,0.079334,-0.009492,0.000000,0.292323,0.000,0.566,-0.033840,0.063263,0.000000,-0.067679,0.000000,0.165622,1,50.65
3.508000,0.004,-0.300000,-0.134184,4.367,7.08,0.077148,-0.008827,0.000000,0.525993,-0.006,0.600,-0.033840,0.063263,0.000000,-0.067679,0.000000,0.165622,1,50.65
3.510000,0.004,-0.300000,-0.134184,4.367,7.08,0.074660,-0.008097,0.000000,0.802756,-0.005,0.600,-0.033840,0.063263,0.000000,-0.067679,0.000000,0.165622,1,50.65
3.512000,0.004,-0.300000,-0.134184,4.367,7.08,0.071867,-0.007303,0.000000,0.600880,-0.005,0.600,-0.033840,0.063263,0.000000,-0.067679,0.000000,0.165622,1,50.65
3.514000,0.003,-0.300000,-0.134184,4.367,7.08,0.068763,-0.006446,0.000000,0.807003,-0.005,0.600,-0.033840,0.063263,0.000000,-0.067679,0.000000,0.165622,1,50.65
3.516000,0.003,-0.300000,-0.134184,4.367,7.08,0.065342,-0.005531,0.000000,1.223296,-0.004,0.600,-0.033840,0.063263,0.000000,-0.067679,0.000000,0.165622,1,50.65
3.518000,0.002,-0.300000,-0.134184,4.367,7.08,0.061599,-0.004559,0.000000,1.482559,-0.004,0.600,-0.033840,0.063263,0.000000,-0.067679,0.000000,0.165622,1,50.65
3.520000,0.002,-0.300000,-0.134184,4.367,7.08,0.057684,-0.003560,0.000000,1.255865,-0.004,0.600,-0.033840,0.063263,0.000000,-0.067679,0.000000,0.165622,1,50.65
3.522000,0.001,-0.300000,-0.134184,4.367,7.08,0.053846,-0.002565,0.000000,1.522798,-0.003,0.600,-0.033840,0.063263,0.000000,-0.067679,0.000000,0.165622,1,50.65
3.524000,0.001,-0.300000,-0.134184,4.367,7.08,0.050086,-0.001595,0.000000,1.725583,-0.003,0.600,-0.033840,0.063263,0.000000,-0.067679,0.000000,0.165622,1,50.65
3.526000,0.000,-0.300000,-0.134184,4.367,7.08,0.046400,-0.000652,0.000000,1.752313,-0.002,0.600,-0.033840,0.063263,0.000000,-0.067679,0.000000,0.165622,1,50.65
3.528000,-0.000,-0.300000,-0.134184,4.367,7.08,0.042788,0.000265,0.000000,1.261366,-0.002,0.600,-0.033840,0.063263,0.000000,-0.067679,0.000000,0.165622,1,50.65
3.530000,-0.001,-0.300000,-0.134184,4.367,7.08,0.039249,0.001156,0.000000,1.469239,-0.001,0.600,-0.033840,0.063263,0.000000,-0.067679,0.000000,0.165622,1,50.65
3.532000,-0.001,-0.300000,-0.134184,4.367,7.08,0.035780,0.002023,0.000000,1.669324,-0.001,0.600,-0.033840,0.063263,0.000000,-0.067679,0.000000,0.165622,1,50.65
3.534000,-0.001,-0.300000,-0.134184,4.367,7.08,0.032381,0.002865,0.000000,1.689304,-0.000,0.600,-0.033840,0.063263,0.000000,-0.067679,0.000000,0.165622,1,50.65
3.536000,-0.002,-0.300000,-0.134184,4.367,7.08,0.029049,0.003684,0.000000,1.251383,0.000,0.600,-0.033840,0.063263,0.000000,-0.067679,0.000000,0.165622,1,50.65
3.538000,-0.002,-0.300000,-0.134184,4.367,7.08,0.025785,0.004479,0.000000,1.458836,0.001,0.600,-0.033840,0.063263,0.000000,-0.067679,0.000000,0.165622,1,50.65
3.540000,-0.003,-0.300000,-0.134561,4.382,7.08,0.022585,0.005250,0.000000,1.560735,0.001,0.600,-0.033033,0.061754,0.000000,-0.066065,0.000000,0.161673,1,50.65
3.542000,-0.003,-0.300000,-0.134561,4.382,7.08,0.019442,0.006002,0.000000,1.354817,0.001,0.600,-0.033033,0.061754,0.000000,-0.066065,0.000000,0.161673,1,50.65
3.544000,-0.003,-0.300000,-0.134561,4.382,7.08,0.016362,0.006731,0.000000,0.935774,0.002,0.600,-0.033033,0.061754,0.000000,-0.066065,0.000000,0.161673,1,50.65
3.546000,-0.004,-0.300000,-0.134561,4.382,7.09,0.013344,0.007437,0.000000,0.942898,0.002,0.600,-0.033033,0.061754,0.000000,-0.066065,0.000000,0.161673,1,50.65
3.548000,-0.004,-0.300000,-0.134561,4.382,7.09,0.010385,0.008120,0.000000,0.974352,0.003,0.600,-0.033033,0.061754,0.000000,-0.066065,0.000000,0.161673,1,50.65
3.550000,-0.004,-0.300000,-0.134561,4.382,7.09,0.007486,0.008781,0.000000,0.894260,0.003,0.600,-0.033033,0.061754,0.000000,-0.066065,0.000000,0.161673,1,50.65
3.552000,-0.005,-0.300000,-0.134561,4.382,7.09,0.004645,0.009419,0.000000,0.629140,0.003,0.600,-0.033033,0.061754,0.000000,-0.066065,0.000000,0.161673,1,50.65
3.554000,-0.005,-0.300000,-0.134561,4.382,7.09,0.001861,0.010036,0.000000,0.773590,0.004,0.600,-0.033033,0.061754,0.000000,-0.066065,0.000000,0.161673,1,50.65
3.556000,-0.005,-0.300000,-0.134561,4.382,7.10,-0.000867,0.010631,0.000000,0.973934,0.004,0.600,-0.033033,0.061754,0.000000,-0.066065,0.000000,0.161673,1,50.65
3.558000,-0.006,-0.300000,-0.134561,4.382,7.10,-0.003541,0.011205,0.000000,0.970249,0.004,0.600,-0.033033,0.061754,0.000000,-0.066065,0.000000,0.161673,1,50.65
3.560000,-0.006,-0.300000,-0.134561,4.382,7.10,-0.006162,0.011757,0.000000,0.718190,0.005,0.600,-0.033033,0.061754,0.000000,-0.066065,0.000000,0.161673,1,50.65
3.562000,-0.006,-0.300000,-0.134561,4.382,7.10,-0.008730,0.012289,0.000000,0.859226,0.005,0.600,-0.033033,0.061754,0.000000,-0.066065,0.000000,0.161673,1,50.65
3.564000,-0.006,-0.300000,-0.134561,4.382,7.10,-0.011246,0.012799,0.000000,0.888575,0.005,0.600,-0.033033,0.061754,0.000000,-0.066065,0.000000,0.161673,1,50.65
3.566000,-0.007,-0.300000,-0.134561,4.382,7.10,-0.013713,0.013290,0.000000,0.910424,0.006,0.600,-0.033033,0.061754,0.000000,-0.066065,0.000000,0.161673,1,50.65
3.568000,-0.007,-0.300000,-0.134561,4.382,7.10,-0.016130,0.013760,0.000000,0.696419,0.006,0.600,-0.033033,0.061754,0.000000,-0.066065,0.000000,0.161673,1,50.65
3.570000,-0.007,-0.300000,-0.134561,4.382,7.10,-0.018499,0.014210,0.000000,0.699211,0.006,0.600,-0.033033,0.061754,0.000000,-0.066065,0.000000,0.161673,1,50.65
3.572000,-0.007,-0.300000,-0.134561,4.382,7.10,-0.020820,0.014640,0.000000,0.689161,0.006,0.600,-0.033033,0.061754,0.000000,-0.066065,0.000000,0.161673,1,50.65
3.574000,-0.008,-0.300000,-0.134561,4.382,7.10,-0.023095,0.015051,0.000000,0.651281,0.007,0.600,-0.033033,0.061754,0.000000,-0.066065,0.000000,0.161673,1,50.65
3.576000,-0.008,-0.300000,-0.134561,4.382,7.10,-0.025324,0.015442,0.000000,0.392756,0.007,0.600,-0.033033,0.061754,0.000000,-0.066065,0.000000,0.161673,1,50.65
3.578000,-0.008,-0.300000,-0.134561,4.382,7.10,-0.027509,0.015815,0.000000,0.454289,0.007,0.600,-0.033033,0.061754,0.000000,-0.066065,0.000000,0.161673,1,50.65
3.580000,-0.008,-0.300000,-0.134862,4.394,7.10,-0.029650,0.016168,0.000000,0.424707,0.007,0.600,-0.032390,0.060553,0.000000,-0.064780,0.000000,0.158528,1,50.55
3.582000,-0.008,-0.295809,-0.132766,4.394,7.10,-0.031754,0.016505,0.000000,0.279304,0.008,0.592,-0.032390,0.060553,0.000000,-0.064780,0.000000,0.158528,1,50.55
3.584000,-0.008,-0.132353,-0.051038,4.394,7.11,-0.033775,0.016815,0.000000,0.115538,0.008,0.265,-0.032390,0.060553,0.000000,-0.064780,0.000000,0.158528,1,50.55
3.586000,-0.009,-0.189698,-0.079711,4.394,7.11,-0.035435,0.017038,0.000000,0.172660,0.008,0.379,-0.032390,0.060553,0.000000,-0.064780,0.000000,0.158528,1,50.55
3.588000,-0.009,-0.160892,-0.065308,4.394,7.11,-0.036741,0.017174,0.000000,0.143718,0.008,0.322,-0.032390,0.060553,0.000000,-0.064780,0.000000,0.158528,1,50.55
3.590000,-0.009,-0.182736,-0.076230,4.394,7.11,-0.037693,0.017223,0.000000,0.165513,0.008,0.365,-0.032390,0.060553,0.000000,-0.064780,0.000000,0.158528,1,50.55
3.592000,-0.009,-0.174247,-0.071985,4.394,7.11,-0.038464,0.017224,0.000000,0.157023,0.008,0.348,-0.032390,0.060553,0.000000,-0.064780,0.000000,0.158528,1,50.55
3.594000,-0.009,-0.157594,-0.063659,4.394,7.11,-0.039134,0.017196,0.000000,0.140398,0.009,0.315,-0.032390,0.060553,0.000000,-0.064780,0.000000,0.158528,1,50.55
3.596000,-0.009,-0.052245,-0.010984,4.394,7.12,-0.039625,0.017123,0.000000,0.035122,0.009,0.104,-0.032390,0.060553,0.000000,-0.064780,0.000000,0.158528,1,50.55
3.598000,-0.008,0.076226,0.053251,4.394,7.12,-0.039761,0.016969,0.000000,-0.093195,0.009,0.152,-0.032390,0.060553,0.000000,-0.064780,0.000000,0.158528,1,50.55
3.600000,-0.008,-0.016971,0.006653,4.394,7.12,-0.039578,0.016738,0.000000,0.000233,0.000,0.034,-0.032390,0.060553,0.000000,-0.064780,0.000000,0.158528,1,50.55
3.602000,-0.008,0.058258,0.044267,4.394,7.12,-0.039073,0.016434,0.000000,-0.074691,0.000,0.117,-0.032390,0.060553,0.000000,-0.064780,0.000000,0.158528,1,50.55
3.604000,-0.008,0.203306,0.116792,4.394,7.12,-0.038246,0.016055,0.000000,-0.219362,0.000,0.407,-0.032390,0.060553,0.000000,-0.064780,0.000000,0.158528,1,50.55
3.606000,-0.008,0.300000,0.165138,4.394,7.12,-0.037099,0.015605,0.000000,-0.419876,0.000,0.600,-0.032390,0.060553,0.000000,-0.064780,0.000000,0.158528,1,50.55
3.608000,-0.008,0.300000,0.165138,4.394,7.12,-0.035631,0.015084,0.000000,-0.443132,0.008,0.600,-0.032390,0.060553,0.000000,-0.064780,0.000000,0.158528,1,50.55
3.610000,-0.007,0.300000,0.165138,4.394,7.12,-0.033843,0.014494,0.000000,-0.630529,0.008,0.600,-0.032390,0.060553,0.000000,-0.064780,0.000000,0.158528,1,50.55
3.612000,-0.007,0.300000,0.165138,4.394,7.12,-0.031736,0.013835,0.000000,-0.811497,0.008,0.600,-0.032390,0.060553,0.000000,-0.064780,0.000000,0.158528,1,50.55
3.614000,-0.007,0.300000,0.165138,4.394,7.12,-0.029311,0.013110,0.000000,-0.731312,0.008,0.600,-0.032390,0.060553,0.000000,-0.064780,0.000000,0.158528,1,50.55
3.616000,-0.006,0.300000,0.165138,4.394,7.12,-0.026567,0.012321,0.000000,-0.550784,0.008,0.600,-0.032390,0.060553,0.000000,-0.064780,0.000000,0.158528,1,50.55
3.618000,-0.006,0.300000,0.165138,4.394,7.12,-0.023507,0.011467,0.000000,-0.807351,0.007,0.600,-0.032390,0.060553,0.000000,-0.064780,0.000000,0.158528,1,50.55
3.620000,-0.005,0.300000,0.165138,4.394,7.12,-0.020131,0.010552,0.000000,-1.010432,0.007,0.600,-0.032390,0.060553,0.000000,-0.064780,0.000000,0.158528,1,50.55
3.622000,-0.005,0.300000,0.165138,4.394,7.12,-0.016442,0.009576,0.000000,-1.233530,0.007,0.600,-0.032390,0.060553,0.000000,-0.064780,0.000000,0.158528,1,50.55
3.624000,-0.004,0.300000,0.165138,4.394,7.12,-0.012811,0.008614,0.000000,-1.208049,0.006,0.600,-0.032390,0.060553,0.000000,-0.064780,0.000000,0.158528,1,50.55
3.626000,-0.004,0.300000,0.165138,4.394,7.12,-0.009252,0.007676,0.000000,-1.453860,0.006,0.600,-0.032390,0.060553,0.000000,-0.064780,0.000000,0.158528,1,50.55
3.628000,-0.003,0.300000,0.165138,4.394,7.12,-0.005764,0.006764,0.000000,-1.252915,0.005,0.600,-0.032390,0.060553,0.000000,-0.064780,0.000000,0.158528,1,50.55
3.630000,-0.003,0.300000,0.165138,4.394,7.12,-0.002346,0.005875,0.000000,-1.325943,0.005,0.600,-0.032390,0.060553,0.000000,-0.064780,0.000000,0.158528,1,50.55
3.632000,-0.003,0.300000,0.165138,4.394,7.12,0.001004,0.005009,0.000000,-0.848744,0.004,0.600,-0.032390,0.060553,0.000000,-0.064780,0.000000,0.158528,1,50.55
3.634000,-0.002,0.300000,0.165138,4.394,7.12,0.004287,0.004164,0.000000,-1.048130,0.004,0.600,-0.032390,0.060553,0.000000,-0.064780,0.000000,0.158528,1,50.55
3.636000,-0.002,0.300000,0.165138,4.394,7.12,0.007504,0.003338,0.000000,-1.160035,0.003,0.600,-0.032390,0.060553,0.000000,-0.064780,0.000000,0.158528,1,50.55
3.638000,-0.001,0.300000,0.165138,4.394,7.12,0.010657,0.002534,0.000000,-1.425747,0.003,0.600,-0.032390,0.060553,0.000000,-0.064780,0.000000,0.158528,1,50.55
3.640000,-0.001,0.300000,0.165113,4.395,7.12,0.013746,0.001754,0.000000,-1.001889,0.003,0.600,-0.032335,0.060451,0.000000,-0.064671,0.000000,0.158260,1,50.63
3.642000,-0.000,0.300000,0.165113,4.395,7.12,0.016774,0.000995,0.000000,-1.219635,0.002,0.600,-0.032335,0.060451,0.000000,-0.064671,0.000000,0.158260,1,50.63
3.644000,-0.000,0.300000,0.165113,4.395,7.12,0.019740,0.000259,0.000000,-1.376278,0.002,0.600,-0.032335,0.060451,0.000000,-0.064671,0.000000,0.158260,1,50.63
3.646000,0.000,0.300000,0.165113,4.395,7.12,0.022648,-0.000455,0.000000,-1.379051,0.001,0.600,-0.032335,0.060451,0.000000,-0.064671,0.000000,0.158260,1,50.63
3.648000,0.001,0.300000,0.165113,4.395,7.12,0.025497,-0.001148,0.000000,-1.067086,0.001,0.600,-0.032335,0.060451,0.000000,-0.064671,0.000000,0.158260,1,50.63
3.650000,0.001,0.300000,0.165113,4.395,7.12,0.028290,-0.001819,0.000000,-1.078704,0.000,0.600,-0.032335,0.060451,0.000000,-0.064671,0.000000,0.158260,1,50.63
3.652000,0.001,0.300000,0.165113,4.395,7.12,0.031026,-0.002468,0.000000,-1.110651,0.000,0.600,-0.032335,0.060451,0.000000,-0.064671,0.000000,0.158260,1,50.63
3.654000,0.002,0.300000,0.165113,4.395,7.12,0.033708,-0.003094,0.000000,-1.030600,-0.000,0.600,-0.032335,0.060451,0.000000,-0.064671,0.000000,0.158260,1,50.63
3.656000,0.002,0.300000,0.165113,4.395,7.12,0.036336,-0.003694,0.000000,-0.671665,-0.001,0.600,-0.032335,0.060451,0.000000,-0.064671,0.000000,0.158260,1,50.63
3.658000,0.002,0.300000,0.165113,4.395,7.12,0.038911,-0.004269,0.000000,-0.810969,-0.001,0.600,-0.032335,0.060451,0.000000,-0.064671,0.000000,0.158260,1,50.63
3.660000,0.002,0.300000,0.165113,4.395,7.12,0.041436,-0.004822,0.000000,-1.064310,-0.001,0.600,-0.032335,0.060451,0.000000,-0.064671,0.000000,0.158260,1,50.63
3.662000,0.003,0.300000,0.165113,4.395,7.12,0.043909,-0.005355,0.000000,-1.085500,-0.002,0.600,-0.032335,0.060451,0.000000,-0.064671,0.000000,0.158260,1,50.63
3.664000,0.003,0.300000,0.165113,4.395,7.12,0.046333,-0.005868,0.000000,-0.796462,-0.002,0.600,-0.032335,0.060451,0.000000,-0.064671,0.000000,0.158260,1,50.63
3.666000,0.003,0.300000,0.165113,4.395,7.12,0.048709,-0.006361,0.000000,-0.917410,-0.002,0.600,-0.032335,0.060451,0.000000,-0.064671,0.000000,0.158260,1,50.63
3.668000,0.003,0.300000,0.165113,4.395,7.12,0.051037,-0.006834,0.000000,-0.995732,-0.002,0.600,-0.032335,0.060451,0.000000,-0.064671,0.000000,0.158260,1,50.63
3.670000,0.004,0.300000,0.165113,4.395,7.12,0.053318,-0.007288,0.000000,-0.939074,-0.003,0.600,-0.032335,0.060451,0.000000,-0.064671,0.000000,0.158260,1,50.63
3.672000,0.004,0.300000,0.165113,4.395,7.12,0.055554,-0.007722,0.000000,-0.688774,-0.003,0.600,-0.032335,0.060451,0.000000,-0.064671,0.000000,0.158260,1,50.63
3.674000,0.004,0.300000,0.165113,4.395,7.12,0.057746,-0.008138,0.000000,-0.695032,-0.003,0.600,-0.032335,0.060451,0.000000,-0.064671,0.000000,0.158260,1,50.63
3.676000,0.004,0.300000,0.165113,4.395,7.12,0.059893,-0.008535,0.000000,-0.704891,-0.003,0.600,-0.032335,0.060451,0.000000,-0.064671,0.000000,0.158260,1,50.63
3.678000,0.004,0.300000,0.165113,4.395,7.12,0.061997,-0.008913,0.000000,-0.631293,-0.004,0.600,-0.032335,0.060451,0.000000,-0.064671,0.000000,0.158260,1,50.63
3.680000,0.005,0.300000,0.165113,4.395,7.12,0.064060,-0.009273,0.000000,-0.396076,-0.004,0.600,-0.032335,0.060451,0.000000,-0.064671,0.000000,0.158260,1,50.63
3.682000,0.005,0.300000,0.165113,4.395,7.12,0.066081,-0.009614,0.000000,-0.374486,-0.004,0.600,-0.032335,0.060451,0.000000,-0.064671,0.000000,0.158260,1,50.63
3.684000,0.005,0.300000,0.165113,4.395,7.12,0.068061,-0.009938,0.000000,-0.346808,-0.004,0.600,-0.032335,0.060451,0.000000,-0.064671,0.000000,0.158260,1,50.63
3.686000,0.005,0.300000,0.165113,4.395,7.12,0.070003,-0.010243,0.000000,-0.291360,-0.004,0.600,-0.032335,0.060451,0.000000,-0.064671,0.000000,0.158260,1,50.63
3.688000,0.005,0.135120,0.082673,4.395,7.12,0.071905,-0.010531,0.000000,-0.124589,-0.005,0.270,-0.032335,0.060451,0.000000,-0.064671,0.000000,0.158260,1,50.63
3.690000,0.005,0.175766,0.102996,4.395,7.12,0.073431,-0.010741,0.000000,-0.165025,-0.005,0.352,-0.032335,0.060451,0.000000,-0.064671,0.000000,0.158260,1,50.63
3.692000,0.005,0.226345,0.128285,4.395,7.12,0.074615,-0.010866,0.000000,-0.215480,-0.005,0.453,-0.032335,0.060451,0.000000,-0.064671,0.000000,0.158260,1,50.63
3.694000,0.005,0.256186,0.143206,4.395,7.12,0.075689,-0.010947,0.000000,-0.245239,-0.005,0.512,-0.032335,0.060451,0.000000,-0.064671,0.000000,0.158260,1,50.63
3.696000,0.006,0.165389,0.097807,4.395,7.12,0.077039,-0.011077,0.000000,-0.154312,-0.005,0.331,-0.032335,0.060451,0.000000,-0.064671,0.000000,0.158260,1,50.63
3.698000,0.006,0.169837,0.100031,4.395,7.12,0.078024,-0.011134,0.000000,-0.158703,-0.005,0.340,-0.032335,0.060451,0.000000,-0.064671,0.000000,0.158260,1,50.63
3.700000,0.006,0.011260,0.021184,4.378,7.12,0.078678,-0.011108,0.000000,-0.000152,0.000,0.023,-0.033280,0.062216,0.000000,-0.066559,0.000000,0.162882,1,50.71
3.702000,0.006,-0.039318,-0.004105,4.378,7.11,0.078997,-0.011002,0.000000,0.050320,0.000,0.079,-0.033280,0.062216,0.000000,-0.066559,0.000000,0.162882,1,50.71
3.704000,0.005,-0.043403,-0.006148,4.378,7.11,0.078982,-0.010813,0.000000,0.054217,0.000,0.087,-0.033280,0.062216,0.000000,-0.066559,0.000000,0.162882,1,50.71
3.706000,0.005,-0.119039,-0.043966,4.378,7.11,0.078671,-0.010553,0.000000,0.129592,0.000,0.238,-0.033280,0.062216,0.000000,-0.066559,0.000000,0.162882,1,50.71
3.708000,0.005,-0.266629,-0.117760,4.378,7.10,0.078074,-0.010226,0.000000,0.276854,-0.006,0.533,-0.033280,0.062216,0.000000,-0.066559,0.000000,0.162882,1,50.71
3.710000,0.005,-0.300000,-0.134446,4.378,7.10,0.077191,-0.009833,0.000000,0.463306,-0.006,0.600,-0.033280,0.062216,0.000000,-0.066559,0.000000,0.162882,1,50.71
3.712000,0.005,-0.300000,-0.134446,4.378,7.10,0.076023,-0.009375,0.000000,0.434661,-0.005,0.600,-0.033280,0.062216,0.000000,-0.066559,0.000000,0.162882,1,50.71
3.714000,0.004,-0.300000,-0.134446,4.378,7.10,0.074572,-0.008855,0.000000,0.582796,-0.005,0.600,-0.033280,0.062216,0.000000,-0.066559,0.000000,0.162882,1,50.71
3.716000,0.004,-0.300000,-0.134446,4.378,7.10,0.072837,-0.008273,0.000000,0.750917,-0.005,0.600,-0.033280,0.062216,0.000000,-0.066559,0.000000,0.162882,1,50.71
3.718000,0.004,-0.300000,-0.134446,4.378,7.10,0.070821,-0.007630,0.000000,0.938685,-0.005,0.600,-0.033280,0.062216,0.000000,-0.066559,0.000000,0.162882,1,50.71
3.720000,0.003,-0.300000,-0.134446,4.378,7.09,0.068525,-0.006929,0.000000,0.787831,-0.005,0.600,-0.033280,0.062216,0.000000,-0.066559,0.000000,0.162882,1,50.71
3.722000,0.003,-0.300000,-0.134446,4.378,7.09,0.065944,-0.006171,0.000000,0.824450,-0.004,0.600,-0.033280,0.062216,0.000000,-0.066559,0.000000,0.162882,1,50.71
3.724000,0.003,-0.300000,-0.134446,4.378,7.09,0.063076,-0.005361,0.000000,0.998542,-0.004,0.600,-0.033280,0.062216,0.000000,-0.066559,0.000000,0.162882,1,50.71
3.726000,0.002,-0.300000,-0.134446,4.378,7.09,0.059918,-0.004499,0.000000,1.214063,-0.004,0.600,-0.033280,0.062216,0.000000,-0.066559,0.000000,0.162882,1,50.71
3.728000,0.002,-0.300000,-0.134446,4.378,7.09,0.056471,-0.003586,0.000000,0.910790,-0.003,0.600,-0.033280,0.062216,0.000000,-0.066559,0.000000,0.162882,1,50.71
3.730000,0.001,-0.300000,-0.134446,4.378,7.09,0.052740,-0.002621,0.000000,1.166131,-0.003,0.600,-0.033280,0.062216,0.000000,-0.066559,0.000000,0.162882,1,50.71
3.732000,0.001,-0.300000,-0.134446,4.378,7.09,0.048996,-0.001642,0.000000,1.538727,-0.003,0.600,-0.033280,0.062216,0.000000,-0.066559,0.000000,0.162882,1,50.71
3.734000,0.000,-0.300000,-0.134446,4.378,7.09,0.045327,-0.000682,0.000000,1.213979,-0.002,0.600,-0.033280,0.062216,0.000000,-0.066559,0.000000,0.162882,1,50.71
3.736000,-0.000,-0.300000,-0.134446,4.378,7.09,0.041732,0.000252,0.000000,0.771363,-0.002,0.600,-0.033280,0.062216,0.000000,-0.066559,0.000000,0.162882,1,50.71
3.738000,-0.001,-0.300000,-0.134446,4.378,7.09,0.038208,0.001161,0.000000,0.955428,-0.001,0.600,-0.033280,0.062216,0.000000,-0.066559,0.000000,0.162882,1,50.71
3.740000,-0.001,-0.300000,-0.134705,4.388,7.09,0.034755,0.002046,0.000000,0.935067,-0.001,0.600,-0.032726,0.061182,0.000000,-0.065453,0.000000,0.160174,1,50.60
3.742000,-0.001,-0.300000,-0.134705,4.388,7.10,0.031366,0.002909,0.000000,0.945643,-0.000,0.600,-0.032726,0.061182,0.000000,-0.065453,0.000000,0.160174,1,50.60
3.744000,-0.002,-0.300000,-0.134705,4.388,7.10,0.028044,0.003749,0.000000,0.974726,0.000,0.600,-0.032726,0.061182,0.000000,-0.065453,0.000000,0.160174,1,50.60
3.746000,-0.002,-0.300000,-0.134705,4.388,7.10,0.024789,0.004566,0.000000,1.026528,0.001,0.600,-0.032726,0.061182,0.000000,-0.065453,0.000000,0.160174,1,50.60
3.748000,-0.003,-0.300000,-0.134705,4.388,7.10,0.021599,0.005360,0.000000,1.097585,0.001,0.600,-0.032726,0.061182,0.000000,-0.065453,0.000000,0.160174,1,50.60
3.750000,-0.003,-0.300000,-0.134705,4.388,7.10,0.018473,0.006132,0.000000,1.189870,0.001,0.600,-0.032726,0.061182,0.000000,-0.065453,0.000000,0.160174,1,50.60
3.752000,-0.003,-0.300000,-0.134705,4.388,7.10,0.015409,0.006881,0.000000,0.766808,0.002,0.600,-0.032726,0.061182,0.000000,-0.065453,0.000000,0.160174,1,50.60
3.754000,-0.004,-0.300000,-0.134705,4.388,7.11,0.012407,0.007608,0.000000,0.940401,0.002,0.600,-0.032726,0.061182,0.000000,-0.065453,0.000000,0.160174,1,50.60
3.756000,-0.004,-0.300000,-0.134705,4.388,7.11,0.009465,0.008314,0.000000,1.129936,0.003,0.600,-0.032726,0.061182,0.000000,-0.065453,0.000000,0.160174,1,50.60
3.758000,-0.004,-0.300000,-0.134705,4.388,7.11,0.006581,0.008997,0.000000,1.162359,0.003,0.600,-0.032726,0.061182,0.000000,-0.065453,0.000000,0.160174,1,50.60
3.760000,-0.005,-0.300000,-0.134705,4.388,7.11,0.003756,0.009659,0.000000,0.823416,0.003,0.600,-0.032726,0.061182,0.000000,-0.065453,0.000000,0.160174,1,50.60
3.762000,-0.005,-0.300000,-0.134705,4.388,7.11,0.000986,0.010300,0.000000,0.856713,0.004,0.600,-0.032726,0.061182,0.000000,-0.065453,0.000000,0.160174,1,50.60
3.764000,-0.005,-0.300000,-0.134705,4.388,7.11,-0.001728,0.010920,0.000000,0.888170,0.004,0.600,-0.032726,0.061182,0.000000,-0.065453,0.000000,0.160174,1,50.60
3.766000,-0.006,-0.300000,-0.134705,4.388,7.11,-0.004387,0.011519,0.000000,0.885312,0.004,0.600,-0.032726,0.061182,0.000000,-0.065453,0.000000,0.160174,1,50.60
3.768000,-0.006,-0.300000,-0.134705,4.388,7.11,-0.006994,0.012097,0.000000,0.579796,0.005,0.600,-0.032726,0.061182,0.000000,-0.065453,0.000000,0.160174,1,50.60
3.770000,-0.006,-0.300000,-0.134705,4.388,7.11,-0.009548,0.012655,0.000000,0.701805,0.005,0.600,-0.032726,0.061182,0.000000,-0.065453,0.000000,0.160174,1,50.60
3.772000,-0.007,-0.300000,-0.134705,4.388,7.11,-0.012051,0.013193,0.000000,0.872319,0.005,0.600,-0.032726,0.061182,0.000000,-0.065453,0.000000,0.160174,1,50.60
3.774000,-0.007,-0.300000,-0.134705,4.388,7.11,-0.014504,0.013711,0.000000,0.865990,0.006,0.600,-0.032726,0.061182,0.000000,-0.065453,0.000000,0.160174,1,50.60
3.776000,-0.007,-0.300000,-0.134705,4.388,7.11,-0.016908,0.014209,0.000000,0.636614,0.006,0.600,-0.032726,0.061182,0.000000,-0.065453,0.000000,0.160174,1,50.60
3.778000,-0.007,-0.300000,-0.134705,4.388,7.11,-0.019264,0.014687,0.000000,0.660962,0.006,0.600,-0.032726,0.061182,0.000000,-0.065453,0.000000,0.160174,1,50.60
3.780000,-0.008,-0.300000,-0.134705,4.388,7.11,-0.021573,0.015146,0.000000,0.681560,0.007,0.600,-0.032726,0.061182,0.000000,-0.065453,0.000000,0.160174,1,50.60
3.782000,-0.008,-0.300000,-0.134705,4.388,7.11,-0.023836,0.015586,0.000000,0.663366,0.007,0.600,-0.032726,0.061182,0.000000,-0.065453,0.000000,0.160174,1,50.60
3.784000,-0.008,-0.300000,-0.134705,4.388,7.11,-0.026053,0.016007,0.000000,0.447052,0.007,0.600,-0.032726,0.061182,0.000000,-0.065453,0.000000,0.160174,1,50.60
# Log beendet. Einträge: 1892
